<?xml version="1.0"?>
<opencv_storage>
<distortion_model>plumb_bob</distortion_model>
<camera_name>left_camera</camera_name>
<height>4928</height>
<width>3264</width>
<K type_id="opencv-matrix">
  <rows>3</rows>
  <cols>3</cols>
  <dt>d</dt>
  <data>
    7.2774737988312936e+03 0. 2.4458312476303472e+03 0.
    7.2743663998270658e+03 1.6996071658453855e+03 0. 0. 1.</data></K>
<D type_id="opencv-matrix">
  <rows>1</rows>
  <cols>5</cols>
  <dt>d</dt>
  <data>
    -2.3917519311425939e-02 -7.7904823907286227e-03 0. 0. 0.</data></D>
<P type_id="opencv-matrix">
  <rows>3</rows>
  <cols>4</cols>
  <dt>d</dt>
  <data>
    7.2774737988312936e+03 0. 2.4458312476303472e+03 0. 0.
    7.2743663998270658e+03 1.6996071658453855e+03 0. 0. 0. 1. 0.</data></P>
</opencv_storage>
