<?xml version="1.0"?>
<opencv_storage>
<distortion_model>plumb_bob</distortion_model>
<camera_name>left_camera</camera_name>
<height>4928</height>
<width>3264</width>
<K type_id="opencv-matrix">
  <rows>3</rows>
  <cols>3</cols>
  <dt>d</dt>
  <data>
    7.1366078445649928e+03 0. 2.4594966751216448e+03 0.
    7.1329520204258888e+03 1.6994112173299736e+03 0. 0. 1.</data></K>
<D type_id="opencv-matrix">
  <rows>1</rows>
  <cols>5</cols>
  <dt>d</dt>
  <data>
    -2.3700993640642223e-02 -9.1298155156387853e-02 0. 0. 0.</data></D>
<P type_id="opencv-matrix">
  <rows>3</rows>
  <cols>4</cols>
  <dt>d</dt>
  <data>
    7.1366078445649928e+03 0. 2.4594966751216448e+03 0. 0.
    7.1329520204258888e+03 1.6994112173299736e+03 0. 0. 0. 1. 0.</data></P>
</opencv_storage>
