<?xml version="1.0"?>
<opencv_storage>
<gripperHcamera_LeftCamera type_id="opencv-matrix">
  <rows>4</rows>
  <cols>4</cols>
  <dt>f</dt>
  <data>
    6.70065880e-02 -1.46313841e-02 9.97645259e-01 2.66348392e-01
    -4.77317814e-03 9.99876261e-01 1.49846952e-02 -3.88031937e-02
    -9.97741103e-01 -5.76601224e-03 6.69285059e-02 3.69309261e-02 0. 0.
    0. 1.</data></gripperHcamera_LeftCamera>
<gripperHcamera_RightCamera type_id="opencv-matrix">
  <rows>4</rows>
  <cols>4</cols>
  <dt>f</dt>
  <data>
    -1.58081412e-01 2.75743771e-02 9.87040997e-01 6.92358892e-03
    4.40332592e-02 9.98812556e-01 -2.08509993e-02 -8.74935240e-02
    -9.86443758e-01 4.01664749e-02 -1.59107804e-01 1.77350044e-02 0. 0.
    0. 1.</data></gripperHcamera_RightCamera>
<!-- a set of 6-tuples: row, pitch yaw (euler angles) and x, y and z (translation) of the transformation -->
<!-- This has to be reflected in the robot_head.xacro file in rh_ptu  -->
<leftpanHrightpan type_id="opencv-matrix">
  <rows>1</rows>
  <cols>6</cols>
  <dt>f</dt>
  <data>
    -5.01130484e-02 1.19494963e-02 -1.87861547e-02 -2.87268639e-01
    1.95423290e-01 -1.66482721e-02</data></leftpanHrightpan>
</opencv_storage>
