<?xml version="1.0"?>
<opencv_storage>
<calibration_Time>"Thu Oct 16 16:28:00 2014"</calibration_Time>
<numPoses>34</numPoses>
<rvec_camL2target_0 type_id="opencv-matrix">
  <rows>3</rows>
  <cols>1</cols>
  <dt>d</dt>
  <data>
    -7.8318106803982948e-02 -7.5593031753671047e-02
    7.9129716852868515e-02</data></rvec_camL2target_0>
<rvec_camL2target_1 type_id="opencv-matrix">
  <rows>3</rows>
  <cols>1</cols>
  <dt>d</dt>
  <data>
    -4.0781940181522487e-02 -5.8033926535005431e-01
    1.3182329996159975e-02</data></rvec_camL2target_1>
<rvec_camL2target_2 type_id="opencv-matrix">
  <rows>3</rows>
  <cols>1</cols>
  <dt>d</dt>
  <data>
    -1.0960355205152486e-01 4.8110028781663572e-01
    1.4705764432426330e-01</data></rvec_camL2target_2>
<rvec_camL2target_3 type_id="opencv-matrix">
  <rows>3</rows>
  <cols>1</cols>
  <dt>d</dt>
  <data>
    -1.0818972502405930e-01 4.8244364101091330e-01
    1.4053012020387393e-01</data></rvec_camL2target_3>
<rvec_camL2target_4 type_id="opencv-matrix">
  <rows>3</rows>
  <cols>1</cols>
  <dt>d</dt>
  <data>
    -7.9559161974687362e-02 -1.6844036359020298e-01
    6.2000065630507167e-02</data></rvec_camL2target_4>
<rvec_camL2target_5 type_id="opencv-matrix">
  <rows>3</rows>
  <cols>1</cols>
  <dt>d</dt>
  <data>
    -2.6676698063194077e-02 -7.6511126676445829e-01
    -1.6720038192484452e-02</data></rvec_camL2target_5>
<rvec_camL2target_6 type_id="opencv-matrix">
  <rows>3</rows>
  <cols>1</cols>
  <dt>d</dt>
  <data>
    -2.3837405251855199e-02 -7.6714921215033083e-01
    -2.6149630717160165e-03</data></rvec_camL2target_6>
<rvec_camL2target_7 type_id="opencv-matrix">
  <rows>3</rows>
  <cols>1</cols>
  <dt>d</dt>
  <data>
    -9.0825343080305709e-02 6.1193453433510611e-02
    1.0266999042780776e-01</data></rvec_camL2target_7>
<rvec_camL2target_8 type_id="opencv-matrix">
  <rows>3</rows>
  <cols>1</cols>
  <dt>d</dt>
  <data>
    -1.2332277837793633e-01 7.0853915736197082e-01
    1.7991352389688095e-01</data></rvec_camL2target_8>
<rvec_camL2target_9 type_id="opencv-matrix">
  <rows>3</rows>
  <cols>1</cols>
  <dt>d</dt>
  <data>
    2.0994911672531127e-01 6.6830137267275214e-01 4.2694124196453720e-01</data></rvec_camL2target_9>
<rvec_camL2target_10 type_id="opencv-matrix">
  <rows>3</rows>
  <cols>1</cols>
  <dt>d</dt>
  <data>
    3.0166564401398321e-01 9.0118373879555402e-02 2.4231075125807885e-01</data></rvec_camL2target_10>
<rvec_camL2target_11 type_id="opencv-matrix">
  <rows>3</rows>
  <cols>1</cols>
  <dt>d</dt>
  <data>
    3.4854721889782475e-01 -9.0928226809374735e-01
    -9.5402857412910810e-02</data></rvec_camL2target_11>
<rvec_camL2target_12 type_id="opencv-matrix">
  <rows>3</rows>
  <cols>1</cols>
  <dt>d</dt>
  <data>
    3.4851596630286241e-01 -9.0964618312495837e-01
    -1.0020080934103202e-01</data></rvec_camL2target_12>
<rvec_camL2target_13 type_id="opencv-matrix">
  <rows>3</rows>
  <cols>1</cols>
  <dt>d</dt>
  <data>
    2.5967601936227186e-01 1.0203576126049821e-02 1.9413367077746668e-01</data></rvec_camL2target_13>
<rvec_camL2target_14 type_id="opencv-matrix">
  <rows>3</rows>
  <cols>1</cols>
  <dt>d</dt>
  <data>
    1.8905774054698468e-01 5.3550771308110312e-01 3.4964422123181366e-01</data></rvec_camL2target_14>
<rvec_camL2target_15 type_id="opencv-matrix">
  <rows>3</rows>
  <cols>1</cols>
  <dt>d</dt>
  <data>
    1.8957994622776217e-01 5.3612659787033079e-01 3.4641828982466710e-01</data></rvec_camL2target_15>
<rvec_camL2target_16 type_id="opencv-matrix">
  <rows>3</rows>
  <cols>1</cols>
  <dt>d</dt>
  <data>
    2.8044656648316724e-01 -1.6374213829623838e-01
    1.3641654399225839e-01</data></rvec_camL2target_16>
<rvec_camL2target_17 type_id="opencv-matrix">
  <rows>3</rows>
  <cols>1</cols>
  <dt>d</dt>
  <data>
    3.4348940130173972e-01 -8.5698953197185390e-01
    -8.6475049830149017e-02</data></rvec_camL2target_17>
<rvec_camL2target_18 type_id="opencv-matrix">
  <rows>3</rows>
  <cols>1</cols>
  <dt>d</dt>
  <data>
    3.2485976730897637e-01 -8.2833280601460757e-01
    -5.6136646298017068e-02</data></rvec_camL2target_18>
<rvec_camL2target_19 type_id="opencv-matrix">
  <rows>3</rows>
  <cols>1</cols>
  <dt>d</dt>
  <data>
    1.3400901705099907e-01 7.4528074947516088e-01 4.0420195805400244e-01</data></rvec_camL2target_19>
<rvec_camL2target_20 type_id="opencv-matrix">
  <rows>3</rows>
  <cols>1</cols>
  <dt>d</dt>
  <data>
    1.3385968403277246e-01 7.4454894935594385e-01 4.1363345264071233e-01</data></rvec_camL2target_20>
<rvec_camL2target_21 type_id="opencv-matrix">
  <rows>3</rows>
  <cols>1</cols>
  <dt>d</dt>
  <data>
    2.2688899972115259e-01 3.5842118781034121e-01 5.8223055730095778e-02</data></rvec_camL2target_21>
<rvec_camL2target_22 type_id="opencv-matrix">
  <rows>3</rows>
  <cols>1</cols>
  <dt>d</dt>
  <data>
    -8.0532866435048922e-01 7.0428739151106712e-01
    4.4470845696565431e-01</data></rvec_camL2target_22>
<rvec_camL2target_23 type_id="opencv-matrix">
  <rows>3</rows>
  <cols>1</cols>
  <dt>d</dt>
  <data>
    -4.8408496975642701e-01 -3.8267134703411027e-01
    6.2316467178770574e-01</data></rvec_camL2target_23>
<rvec_camL2target_24 type_id="opencv-matrix">
  <rows>3</rows>
  <cols>1</cols>
  <dt>d</dt>
  <data>
    -2.1055548400427884e-01 -1.0670313518009664e+00
    6.6857102523881295e-01</data></rvec_camL2target_24>
<rvec_camL2target_25 type_id="opencv-matrix">
  <rows>3</rows>
  <cols>1</cols>
  <dt>d</dt>
  <data>
    8.7700298298013246e-01 -4.9955388735428735e-01
    7.2764743599631532e-01</data></rvec_camL2target_25>
<rvec_camL2target_26 type_id="opencv-matrix">
  <rows>3</rows>
  <cols>1</cols>
  <dt>d</dt>
  <data>
    4.1518852848823490e-01 2.4336677781949803e-01 1.1543131339521964e+00</data></rvec_camL2target_26>
<rvec_camL2target_27 type_id="opencv-matrix">
  <rows>3</rows>
  <cols>1</cols>
  <dt>d</dt>
  <data>
    4.1277423546350965e-02 7.5778488986974146e-01 1.3643047221896842e+00</data></rvec_camL2target_27>
<rvec_camL2target_28 type_id="opencv-matrix">
  <rows>3</rows>
  <cols>1</cols>
  <dt>d</dt>
  <data>
    4.5127397615696763e-01 3.2822944416230215e-01 1.7735307662143949e+00</data></rvec_camL2target_28>
<rvec_camL2target_29 type_id="opencv-matrix">
  <rows>3</rows>
  <cols>1</cols>
  <dt>d</dt>
  <data>
    6.6208423837572217e-01 1.4286352908540526e-01 1.6493116192774968e+00</data></rvec_camL2target_29>
<rvec_camL2target_30 type_id="opencv-matrix">
  <rows>3</rows>
  <cols>1</cols>
  <dt>d</dt>
  <data>
    -3.7108913189505210e-01 -2.1328918317017947e-01
    7.2520385411184052e-01</data></rvec_camL2target_30>
<rvec_camL2target_31 type_id="opencv-matrix">
  <rows>3</rows>
  <cols>1</cols>
  <dt>d</dt>
  <data>
    -6.9389293473809610e-01 6.4732558943530816e-01
    6.4456394777526915e-01</data></rvec_camL2target_31>
<rvec_camL2target_32 type_id="opencv-matrix">
  <rows>3</rows>
  <cols>1</cols>
  <dt>d</dt>
  <data>
    -1.9556685455801762e-01 -6.1520088926075378e-01
    7.2948727768093991e-01</data></rvec_camL2target_32>
<rvec_camL2target_33 type_id="opencv-matrix">
  <rows>3</rows>
  <cols>1</cols>
  <dt>d</dt>
  <data>
    5.6553321776995596e-02 -1.1439417117905863e+00
    6.9950596367382678e-01</data></rvec_camL2target_33>
<tvec_camL2target_0 type_id="opencv-matrix">
  <rows>3</rows>
  <cols>1</cols>
  <dt>d</dt>
  <data>
    -8.6844719877973459e-02 3.3586238172675233e-02
    1.6470436072119170e+00</data></tvec_camL2target_0>
<tvec_camL2target_1 type_id="opencv-matrix">
  <rows>3</rows>
  <cols>1</cols>
  <dt>d</dt>
  <data>
    -6.6920816224038657e-02 3.9296875747923780e-02
    1.6059770354057794e+00</data></tvec_camL2target_1>
<tvec_camL2target_2 type_id="opencv-matrix">
  <rows>3</rows>
  <cols>1</cols>
  <dt>d</dt>
  <data>
    -8.2668833565952171e-02 2.9643246726065140e-02
    1.6969802397431064e+00</data></tvec_camL2target_2>
<tvec_camL2target_3 type_id="opencv-matrix">
  <rows>3</rows>
  <cols>1</cols>
  <dt>d</dt>
  <data>
    -4.5265704847848720e-01 1.7007978127752406e-02
    1.6825661312535656e+00</data></tvec_camL2target_3>
