<?xml version="1.0"?>
<opencv_storage>
<calibration_Time>"Thu Oct 16 16:28:00 2014"</calibration_Time>
<numPoses>33</numPoses>
<rvec_camR2target_0 type_id="opencv-matrix">
  <rows>3</rows>
  <cols>1</cols>
  <dt>d</dt>
  <data>
    -7.2895472507447601e-02 5.7252530516990904e-02
    8.3306081450726779e-02</data></rvec_camR2target_0>
<rvec_camR2target_1 type_id="opencv-matrix">
  <rows>3</rows>
  <cols>1</cols>
  <dt>d</dt>
  <data>
    -3.7577608417121260e-02 -4.4695498478084789e-01
    1.4965679623147637e-02</data></rvec_camR2target_1>
<rvec_camR2target_2 type_id="opencv-matrix">
  <rows>3</rows>
  <cols>1</cols>
  <dt>d</dt>
  <data>
    -9.9840043436566064e-02 6.1363051667196788e-01
    1.5465029382395076e-01</data></rvec_camR2target_2>
<rvec_camR2target_3 type_id="opencv-matrix">
  <rows>3</rows>
  <cols>1</cols>
  <dt>d</dt>
  <data>
    -9.8145538495685053e-02 6.1556816661717173e-01
    1.4807965743840737e-01</data></rvec_camR2target_3>
<rvec_camR2target_4 type_id="opencv-matrix">
  <rows>3</rows>
  <cols>1</cols>
  <dt>d</dt>
  <data>
    -6.8283487068512311e-02 -3.6498372794988361e-02
    6.6432448090062143e-02</data></rvec_camR2target_4>
<rvec_camR2target_5 type_id="opencv-matrix">
  <rows>3</rows>
  <cols>1</cols>
  <dt>d</dt>
  <data>
    -2.5180318214815298e-02 -6.3073638229257645e-01
    -1.5205382531101160e-02</data></rvec_camR2target_5>
<rvec_camR2target_6 type_id="opencv-matrix">
  <rows>3</rows>
  <cols>1</cols>
  <dt>d</dt>
  <data>
    -2.2865692686291447e-02 -6.3503107043807672e-01
    -2.0427131674853449e-03</data></rvec_camR2target_6>
<rvec_camR2target_7 type_id="opencv-matrix">
  <rows>3</rows>
  <cols>1</cols>
  <dt>d</dt>
  <data>
    -8.0481377325912207e-02 1.8773947808066019e-01
    1.0740639288074370e-01</data></rvec_camR2target_7>
<rvec_camR2target_8 type_id="opencv-matrix">
  <rows>3</rows>
  <cols>1</cols>
  <dt>d</dt>
  <data>
    -1.1158346885490335e-01 8.4172817605047678e-01
    1.8908341525649872e-01</data></rvec_camR2target_8>
<rvec_camR2target_9 type_id="opencv-matrix">
  <rows>3</rows>
  <cols>1</cols>
  <dt>d</dt>
  <data>
    2.3973936180179153e-01 7.9882489995873751e-01 4.1533534745111195e-01</data></rvec_camR2target_9>
<rvec_camR2target_10 type_id="opencv-matrix">
  <rows>3</rows>
  <cols>1</cols>
  <dt>d</dt>
  <data>
    3.1775721845774035e-01 2.1833006904003507e-01 2.2182217319515776e-01</data></rvec_camR2target_10>
<rvec_camR2target_11 type_id="opencv-matrix">
  <rows>3</rows>
  <cols>1</cols>
  <dt>d</dt>
  <data>
    3.4079466571287642e-01 -7.7899628934339105e-01
    -1.1716289304309885e-01</data></rvec_camR2target_11>
<rvec_camR2target_12 type_id="opencv-matrix">
  <rows>3</rows>
  <cols>1</cols>
  <dt>d</dt>
  <data>
    3.3886429597393836e-01 -7.7802508600246156e-01
    -1.2272819755624195e-01</data></rvec_camR2target_12>
<rvec_camR2target_13 type_id="opencv-matrix">
  <rows>3</rows>
  <cols>1</cols>
  <dt>d</dt>
  <data>
    2.7248955163197319e-01 1.3947436056307222e-01 1.7613379722809830e-01</data></rvec_camR2target_13>
<rvec_camR2target_14 type_id="opencv-matrix">
  <rows>3</rows>
  <cols>1</cols>
  <dt>d</dt>
  <data>
    2.1328323863162649e-01 6.6648053166275112e-01 3.3841500213214237e-01</data></rvec_camR2target_14>
<rvec_camR2target_15 type_id="opencv-matrix">
  <rows>3</rows>
  <cols>1</cols>
  <dt>d</dt>
  <data>
    2.1435950061190601e-01 6.6764143522067843e-01 3.3506762775662591e-01</data></rvec_camR2target_15>
<rvec_camR2target_16 type_id="opencv-matrix">
  <rows>3</rows>
  <cols>1</cols>
  <dt>d</dt>
  <data>
    2.8847577631942373e-01 -3.3162896048437619e-02
    1.1679976737316221e-01</data></rvec_camR2target_16>
<rvec_camR2target_17 type_id="opencv-matrix">
  <rows>3</rows>
  <cols>1</cols>
  <dt>d</dt>
  <data>
    3.3524823984787333e-01 -7.2469972745310662e-01
    -1.0874074016840099e-01</data></rvec_camR2target_17>
<rvec_camR2target_18 type_id="opencv-matrix">
  <rows>3</rows>
  <cols>1</cols>
  <dt>d</dt>
  <data>
    3.1941117604578356e-01 -6.9654973502577633e-01
    -7.7765916694092801e-02</data></rvec_camR2target_18>
<rvec_camR2target_19 type_id="opencv-matrix">
  <rows>3</rows>
  <cols>1</cols>
  <dt>d</dt>
  <data>
    1.6343837494813029e-01 8.7637928738369064e-01 3.9807911264868878e-01</data></rvec_camR2target_19>
<rvec_camR2target_20 type_id="opencv-matrix">
  <rows>3</rows>
  <cols>1</cols>
  <dt>d</dt>
  <data>
    2.3174768031972176e-01 4.8875888015763957e-01 4.3141571812574608e-02</data></rvec_camR2target_20>
<rvec_camR2target_21 type_id="opencv-matrix">
  <rows>3</rows>
  <cols>1</cols>
  <dt>d</dt>
  <data>
    -7.7972757270121928e-01 8.2799217650235601e-01
    5.0130811355301508e-01</data></rvec_camR2target_21>
<rvec_camR2target_22 type_id="opencv-matrix">
  <rows>3</rows>
  <cols>1</cols>
  <dt>d</dt>
  <data>
    -4.3905223320659287e-01 -2.5654184271527375e-01
    6.5070397031271132e-01</data></rvec_camR2target_22>
<rvec_camR2target_23 type_id="opencv-matrix">
  <rows>3</rows>
  <cols>1</cols>
  <dt>d</dt>
  <data>
    -1.6252868876050244e-01 -9.4051060196936453e-01
    6.7135040150596315e-01</data></rvec_camR2target_23>
<rvec_camR2target_24 type_id="opencv-matrix">
  <rows>3</rows>
  <cols>1</cols>
  <dt>d</dt>
  <data>
    9.1960568847379431e-01 -3.8236853987746006e-01
    6.6373463536045629e-01</data></rvec_camR2target_24>
<rvec_camR2target_25 type_id="opencv-matrix">
  <rows>3</rows>
  <cols>1</cols>
  <dt>d</dt>
  <data>
    4.9216355735142481e-01 3.5840158220345864e-01 1.1277532004927746e+00</data></rvec_camR2target_25>
<rvec_camR2target_26 type_id="opencv-matrix">
  <rows>3</rows>
  <cols>1</cols>
  <dt>d</dt>
  <data>
    1.3348079318494427e-01 8.6921773986019946e-01 1.3713055770655158e+00</data></rvec_camR2target_26>
<rvec_camR2target_27 type_id="opencv-matrix">
  <rows>3</rows>
  <cols>1</cols>
  <dt>d</dt>
  <data>
    5.6932842440027132e-01 4.2024895763751535e-01 1.7472313415644372e+00</data></rvec_camR2target_27>
<rvec_camR2target_28 type_id="opencv-matrix">
  <rows>3</rows>
  <cols>1</cols>
  <dt>d</dt>
  <data>
    7.7143966335442637e-01 2.3697544982723837e-01 1.6049022132643309e+00</data></rvec_camR2target_28>
<rvec_camR2target_29 type_id="opencv-matrix">
  <rows>3</rows>
  <cols>1</cols>
  <dt>d</dt>
  <data>
    -3.2063511951997642e-01 -8.5809877736268747e-02
    7.4646262194187385e-01</data></rvec_camR2target_29>
<rvec_camR2target_30 type_id="opencv-matrix">
  <rows>3</rows>
  <cols>1</cols>
  <dt>d</dt>
  <data>
    -6.5372627918027593e-01 7.7051702575925751e-01
    6.9498813638541790e-01</data></rvec_camR2target_30>
<rvec_camR2target_31 type_id="opencv-matrix">
  <rows>3</rows>
  <cols>1</cols>
  <dt>d</dt>
  <data>
    -1.4347332792731585e-01 -4.8810060967797159e-01
    7.3557685621180358e-01</data></rvec_camR2target_31>
<rvec_camR2target_32 type_id="opencv-matrix">
  <rows>3</rows>
  <cols>1</cols>
  <dt>d</dt>
  <data>
    1.0302140828475354e-01 -1.0161785927629565e+00
    6.8466733730393314e-01</data></rvec_camR2target_32>
<tvec_camR2target_0 type_id="opencv-matrix">
  <rows>3</rows>
  <cols>1</cols>
  <dt>d</dt>
  <data>
    -1.5306217878105757e-01 3.0343078576221511e-02
    1.6642512916648113e+00</data></tvec_camR2target_0>
<tvec_camR2target_1 type_id="opencv-matrix">
  <rows>3</rows>
  <cols>1</cols>
  <dt>d</dt>
  <data>
    -1.3870561911194626e-01 3.5853650153239540e-02
    1.6214566497523109e+00</data></tvec_camR2target_1>
<tvec_camR2target_2 type_id="opencv-matrix">
  <rows>3</rows>
  <cols>1</cols>
  <dt>d</dt>
  <data>
    -1.4226561645787622e-01 2.6084927553533498e-02
    1.7135777889534085e+00</data></tvec_camR2target_2>
<tvec_camR2target_3 type_id="opencv-matrix">
  <rows>3</rows>
  <cols>1</cols>
  <dt>d</dt>
  <data>
    -5.1081834470185217e-01 1.3759207129933717e-02
    1.7486833976786536e+00</data></tvec_camR2target_3>
<tvec_camR2target_4 type_id="opencv-matrix">
  <rows>3</rows>
  <cols>1</cols>
  <dt>d</dt>
  <data>
    -5.2160399926883816e-01 1.8219500348615997e-02
    1.6918865736553952e+00</data></tvec_camR2target_4>
