<?xml version="1.0"?>
<opencv_storage>
<gripperHtarget_LeftCamera type_id="opencv-matrix">
  <rows>4</rows>
  <cols>4</cols>
  <dt>f</dt>
  <data>
    2.10487843e-02 -1.65982783e-01 9.85903978e-01 -1.45040406e-02
    9.99533594e-01 2.53155231e-02 -1.70777738e-02 -8.66383091e-02
    -2.21240819e-02 9.85803604e-01 1.66438222e-01 3.04569840e-01 0. 0.
    0. 1.</data></gripperHtarget_LeftCamera>
<gripperHtargetgripperHcamera_RightCamera type_id="opencv-matrix">
  <rows>4</rows>
  <cols>4</cols>
  <dt>f</dt>
  <data>
    2.05091238e-02 -1.65485859e-01 9.85998869e-01 -1.43034495e-02
    9.99527454e-01 2.59777308e-02 -1.64306462e-02 -8.67380798e-02
    -2.28949785e-02 9.85870004e-01 1.65940404e-01 3.05136234e-01 0. 0.
    0. 1.</data></gripperHtargetgripperHcamera_RightCamera>
</opencv_storage>
