<?xml version="1.0"?>
<opencv_storage>
<Image_points type_id="opencv-matrix">
  <rows>30</rows>
  <cols>54</cols>
  <dt>"2f"</dt>
  <data>
    2.08122729e+03 1.84480176e+03 2.18051782e+03 1.85256079e+03
    2.27952075e+03 1.86073547e+03 2.37855591e+03 1.86856812e+03
    2.47712183e+03 1.87645703e+03 2.57586353e+03 1.88444250e+03
    2.67397119e+03 1.89222583e+03 2.77238330e+03 1.90007629e+03
    2.87007788e+03 1.90788660e+03 2.07349536e+03 1.94386072e+03
    2.17261328e+03 1.95188513e+03 2.27188403e+03 1.95956152e+03
    2.37101831e+03 1.96737476e+03 2.46971680e+03 1.97520837e+03
    2.56849536e+03 1.98291846e+03 2.66685596e+03 1.99058215e+03
    2.76522095e+03 1.99837463e+03 2.86309131e+03 2.00606458e+03
    2.06546655e+03 2.04362952e+03 2.16502051e+03 2.05139673e+03
    2.26427515e+03 2.05919360e+03 2.36362939e+03 2.06681323e+03
    2.46233716e+03 2.07464844e+03 2.56124683e+03 2.08227051e+03
    2.65955981e+03 2.09003223e+03 2.75828833e+03 2.09762012e+03
    2.85607324e+03 2.10518726e+03 2.05755981e+03 2.14318164e+03
    2.15695166e+03 2.15097681e+03 2.25656372e+03 2.15854639e+03
    2.35575757e+03 2.16620312e+03 2.45492578e+03 2.17374951e+03
    2.55382495e+03 2.18141064e+03 2.65249414e+03 2.18891846e+03
    2.75090649e+03 2.19640479e+03 2.84905786e+03 2.20409277e+03
    2.04929272e+03 2.24328662e+03 2.14901416e+03 2.25080981e+03
    2.24854858e+03 2.25850684e+03 2.34809473e+03 2.26602197e+03
    2.44713330e+03 2.27354565e+03 2.54638037e+03 2.28098169e+03
    2.64489111e+03 2.28846265e+03 2.74365454e+03 2.29595972e+03
    2.84187500e+03 2.30338843e+03 2.04144824e+03 2.34307446e+03
    2.14113086e+03 2.35053931e+03 2.24100513e+03 2.35806445e+03
    2.34040601e+03 2.36552319e+03 2.43975195e+03 2.37290967e+03
    2.53879761e+03 2.38036328e+03 2.63770679e+03 2.38764380e+03
    2.73653491e+03 2.39500391e+03 2.83474243e+03 2.40234546e+03
    3.17521899e+03 2.28601587e+03 3.27531177e+03 2.29586426e+03
    3.37543896e+03 2.30585303e+03 3.47607129e+03 2.31570410e+03
    3.57652930e+03 2.32560767e+03 3.67750049e+03 2.33553247e+03
    3.77839746e+03 2.34544995e+03 3.87982666e+03 2.35532690e+03
    3.98075928e+03 2.36521021e+03 3.16652002e+03 2.38580054e+03
    3.26645361e+03 2.39577856e+03 3.36699048e+03 2.40574829e+03
    3.46762744e+03 2.41571362e+03 3.56843823e+03 2.42571167e+03
    3.66950806e+03 2.43574536e+03 3.77054639e+03 2.44560962e+03
    3.87203760e+03 2.45568066e+03 3.97328174e+03 2.46559888e+03
    3.15749731e+03 2.48616553e+03 3.25785352e+03 2.49637476e+03
    3.35837817e+03 2.50644995e+03 3.45930737e+03 2.51658984e+03
    3.56017822e+03 2.52674121e+03 3.66142773e+03 2.53681860e+03
    3.76256616e+03 2.54700610e+03 3.86432544e+03 2.55707397e+03
    3.96569214e+03 2.56713013e+03 3.14863452e+03 2.58656372e+03
    3.24890942e+03 2.59677783e+03 3.34967334e+03 2.60697290e+03
    3.45053687e+03 2.61719092e+03 3.55188892e+03 2.62738696e+03
    3.65320947e+03 2.63767651e+03 3.75466162e+03 2.64784106e+03
    3.85635889e+03 2.65817896e+03 3.95795801e+03 2.66837256e+03
    3.13926978e+03 2.68737354e+03 3.23982397e+03 2.69787451e+03
    3.34076147e+03 2.70818848e+03 3.44199048e+03 2.71855664e+03
    3.54324731e+03 2.72890186e+03 3.64491992e+03 2.73917700e+03
    3.74636157e+03 2.74946606e+03 3.84841357e+03 2.75992212e+03
    3.95015527e+03 2.77021851e+03 3.13041772e+03 2.78832324e+03
    3.23092969e+03 2.79871289e+03 3.33226685e+03 2.80919482e+03
    3.43342480e+03 2.81962524e+03 3.53493213e+03 2.83010742e+03
    3.63651685e+03 2.84053662e+03 3.73835645e+03 2.85084229e+03
    3.84035352e+03 2.86136426e+03 3.94235156e+03 2.87176978e+03
    8.48687622e+02 8.06746216e+02 9.53510864e+02 8.12797241e+02
    1.05764880e+03 8.19337280e+02 1.16139307e+03 8.25503967e+02
    1.26420520e+03 8.31660461e+02 1.36657617e+03 8.37846191e+02
    1.46811536e+03 8.43876648e+02 1.56938379e+03 8.49987610e+02
    1.66954358e+03 8.56091125e+02 8.45067200e+02 9.09679932e+02
    9.49622803e+02 9.15785645e+02 1.05385046e+03 9.21481750e+02
    1.15740686e+03 9.27466858e+02 1.26019800e+03 9.33300171e+02
    1.36253894e+03 9.39157532e+02 1.46410229e+03 9.44786011e+02
    1.56524341e+03 9.50657959e+02 1.66531677e+03 9.56262756e+02
    8.41286682e+02 1.01301904e+03 9.45870300e+02 1.01863550e+03
    1.04988843e+03 1.02432910e+03 1.15364075e+03 1.02982300e+03
    1.25626990e+03 1.03547034e+03 1.35858691e+03 1.04082263e+03
    1.45998547e+03 1.04640112e+03 1.56112061e+03 1.05181140e+03
    1.66121130e+03 1.05718921e+03 8.37448120e+02 1.11572827e+03
    9.41855469e+02 1.12117627e+03 1.04607019e+03 1.12635828e+03
    1.14950671e+03 1.13166895e+03 1.25236096e+03 1.13677063e+03
    1.35450781e+03 1.14196655e+03 1.45597534e+03 1.14707141e+03
    1.55700989e+03 1.15226331e+03 1.65697681e+03 1.15732410e+03
    8.33396057e+02 1.21864209e+03 9.38015564e+02 1.22358972e+03
    1.04196545e+03 1.22869348e+03 1.14548157e+03 1.23354846e+03
    1.24814038e+03 1.23853564e+03 1.35039062e+03 1.24327429e+03
    1.45160583e+03 1.24803320e+03 1.55273523e+03 1.25287524e+03
    1.65265283e+03 1.25761157e+03 8.29809937e+02 1.32091785e+03
    9.34101990e+02 1.32566870e+03 1.03835107e+03 1.33012109e+03
    1.14154419e+03 1.33487024e+03 1.24428748e+03 1.33936328e+03
    1.34629907e+03 1.34399243e+03 1.44766345e+03 1.34828613e+03
    1.54848242e+03 1.35281140e+03 1.64839636e+03 1.35728516e+03
    3.26878760e+03 1.58664136e+03 3.36922974e+03 1.59641833e+03
    3.46974268e+03 1.60656458e+03 3.57057031e+03 1.61647351e+03
    3.67144751e+03 1.62635571e+03 3.77270386e+03 1.63638416e+03
    3.87395386e+03 1.64632776e+03 3.97565698e+03 1.65631921e+03
    4.07705786e+03 1.66624829e+03 3.25918433e+03 1.68618042e+03
    3.35930688e+03 1.69623413e+03 3.46005200e+03 1.70617114e+03
    3.56085425e+03 1.71615186e+03 3.66172095e+03 1.72634302e+03
    3.76305640e+03 1.73626917e+03 3.86437622e+03 1.74629749e+03
    3.96611621e+03 1.75639709e+03 4.06762329e+03 1.76643091e+03
    3.24924414e+03 1.78616272e+03 3.34961230e+03 1.79630615e+03
    3.45026831e+03 1.80640430e+03 3.55130200e+03 1.81658936e+03
    3.65215991e+03 1.82676855e+03 3.75352319e+03 1.83680676e+03
    3.85466528e+03 1.84709058e+03 3.95657568e+03 1.85727124e+03
    4.05818286e+03 1.86739233e+03 3.23937915e+03 1.88575623e+03
    3.33971460e+03 1.89609692e+03 3.44047339e+03 1.90632666e+03
    3.54134668e+03 1.91654041e+03 3.64248242e+03 1.92670483e+03
    3.74389624e+03 1.93711060e+03 3.84518921e+03 1.94728821e+03
    3.94689526e+03 1.95752466e+03 4.04851147e+03 1.96787219e+03
    3.22925952e+03 1.98572546e+03 3.32970361e+03 1.99618530e+03
    3.43046045e+03 2.00647144e+03 3.53152441e+03 2.01682642e+03
    3.63245312e+03 2.02726111e+03 3.73388647e+03 2.03756299e+03
    3.83516772e+03 2.04776440e+03 3.93713818e+03 2.05835718e+03
    4.03869897e+03 2.06865894e+03 3.21950122e+03 2.08540430e+03
    3.31988135e+03 2.09583789e+03 3.42076489e+03 2.10629712e+03
    3.52170068e+03 2.11680005e+03 3.62276318e+03 2.12730981e+03
    3.72420190e+03 2.13765332e+03 3.82562085e+03 2.14811230e+03
    3.92746216e+03 2.15860449e+03 4.02908105e+03 2.16916284e+03
    2.01659241e+03 4.53669281e+02 2.11823828e+03 4.61572174e+02
    2.21944678e+03 4.69720123e+02 2.32079785e+03 4.77707428e+02
    2.42148901e+03 4.85588287e+02 2.52231543e+03 4.93611816e+02
    2.62249609e+03 5.01544708e+02 2.72278052e+03 5.09488556e+02
    2.82236060e+03 5.17388306e+02 2.01006458e+03 5.55997131e+02
    2.11128491e+03 5.63913879e+02 2.21261011e+03 5.71650818e+02
    2.31361084e+03 5.79513123e+02 2.41430762e+03 5.87377319e+02
    2.51483301e+03 5.95066040e+02 2.61501196e+03 6.02781067e+02
    2.71518774e+03 6.10697937e+02 2.81469604e+03 6.18375916e+02
    2.00332483e+03 6.58508179e+02 2.10456714e+03 6.66270935e+02
    2.20560156e+03 6.73964050e+02 2.30665039e+03 6.81674744e+02
    2.40710938e+03 6.89394714e+02 2.50762720e+03 6.97025452e+02
    2.60755566e+03 7.04742493e+02 2.70762573e+03 7.12437866e+02
    2.80693115e+03 7.19871765e+02 1.99655078e+03 7.60322021e+02
