<?xml version="1.0"?>
<opencv_storage>
<Image_points type_id="opencv-matrix">
  <rows>30</rows>
  <cols>54</cols>
  <dt>"2f"</dt>
  <data>
    1.83523376e+03 1.84421106e+03 1.93383911e+03 1.85228638e+03
    2.03278381e+03 1.86053503e+03 2.13198218e+03 1.86875781e+03
    2.23118945e+03 1.87688489e+03 2.33061279e+03 1.88511951e+03
    2.43015771e+03 1.89327197e+03 2.53016699e+03 1.90151721e+03
    2.62988281e+03 1.90971191e+03 1.82628809e+03 1.94332861e+03
    1.92487207e+03 1.95161340e+03 2.02398083e+03 1.95977600e+03
    2.12327563e+03 1.96811279e+03 2.22251172e+03 1.97635352e+03
    2.32210303e+03 1.98454822e+03 2.42172900e+03 1.99290137e+03
    2.52171362e+03 2.00113708e+03 2.62152393e+03 2.00935901e+03
    1.81727014e+03 2.04306909e+03 1.91603833e+03 2.05141479e+03
    2.01513257e+03 2.05981177e+03 2.11452979e+03 2.06819336e+03
    2.21382983e+03 2.07658301e+03 2.31356470e+03 2.08502881e+03
    2.41319141e+03 2.09334863e+03 2.51334985e+03 2.10168115e+03
    2.61311182e+03 2.11002808e+03 1.80815442e+03 2.14265625e+03
    1.90695789e+03 2.15117163e+03 2.00618640e+03 2.15956396e+03
    2.10559326e+03 2.16797192e+03 2.20513354e+03 2.17643896e+03
    2.30492358e+03 2.18490991e+03 2.40463452e+03 2.19336816e+03
    2.50482373e+03 2.20180005e+03 2.60475781e+03 2.21030933e+03
    1.79883154e+03 2.24252271e+03 1.89777844e+03 2.25114551e+03
    1.99705688e+03 2.25971509e+03 2.09661719e+03 2.26825977e+03
    2.19610864e+03 2.27682568e+03 2.29610693e+03 2.28535669e+03
    2.39587915e+03 2.29395825e+03 2.49619604e+03 2.30252563e+03
    2.59623071e+03 2.31107446e+03 1.78979028e+03 2.34230493e+03
    1.88877344e+03 2.35092456e+03 1.98822363e+03 2.35958154e+03
    2.08774707e+03 2.36827026e+03 2.18742920e+03 2.37684521e+03
    2.28739355e+03 2.38556470e+03 2.38730298e+03 2.39409570e+03
    2.48767725e+03 2.40275000e+03 2.58774536e+03 2.41142480e+03
    2.96444214e+03 2.27290918e+03 3.06293311e+03 2.28272632e+03
    3.16219531e+03 2.29277979e+03 3.26190796e+03 2.30282788e+03
    3.36217432e+03 2.31284741e+03 3.46306958e+03 2.32295215e+03
    3.56433447e+03 2.33306030e+03 3.66639160e+03 2.34323657e+03
    3.76864722e+03 2.35336743e+03 2.95462720e+03 2.37211816e+03
    3.05311353e+03 2.38232324e+03 3.15245312e+03 2.39249780e+03
    3.25232544e+03 2.40273853e+03 3.35258862e+03 2.41313745e+03
    3.45378174e+03 2.42342627e+03 3.55515186e+03 2.43388110e+03
    3.65725195e+03 2.44430566e+03 3.75978223e+03 2.45471753e+03
    2.94463696e+03 2.47192407e+03 3.04334424e+03 2.48242651e+03
    3.14262256e+03 2.49299146e+03 3.24272778e+03 2.50365527e+03
    3.34309985e+03 2.51426587e+03 3.44432471e+03 2.52492700e+03
    3.54588965e+03 2.53565796e+03 3.64825537e+03 2.54644995e+03
    3.75058569e+03 2.55715698e+03 2.93446631e+03 2.57173584e+03
    3.03329736e+03 2.58252612e+03 3.13280713e+03 2.59337158e+03
    3.23285767e+03 2.60425293e+03 3.33358447e+03 2.61519360e+03
    3.43475757e+03 2.62618750e+03 3.53649463e+03 2.63713452e+03
    3.63887646e+03 2.64822119e+03 3.74161670e+03 2.65931299e+03
    2.92424609e+03 2.67181421e+03 3.02322363e+03 2.68306543e+03
    3.12277637e+03 2.69420020e+03 3.22306592e+03 2.70545264e+03
    3.32377026e+03 2.71667065e+03 3.42516162e+03 2.72804956e+03
    3.52680200e+03 2.73924463e+03 3.62953101e+03 2.75065894e+03
    3.73231567e+03 2.76210522e+03 2.91420093e+03 2.77205103e+03
    3.01309937e+03 2.78341260e+03 3.11291846e+03 2.79485107e+03
    3.21325122e+03 2.80638184e+03 3.31408594e+03 2.81792529e+03
    3.41570312e+03 2.82951440e+03 3.51750684e+03 2.84112207e+03
    3.62023364e+03 2.85280664e+03 3.72309790e+03 2.86445776e+03
    5.74907532e+02 8.14425964e+02 6.80171143e+02 8.21218933e+02
    7.85405212e+02 8.28092651e+02 8.90378174e+02 8.34880554e+02
    9.94979248e+02 8.41651855e+02 1.09949121e+03 8.48419617e+02
    1.20350330e+03 8.55234680e+02 1.30746228e+03 8.61865112e+02
    1.41076453e+03 8.68572021e+02 5.70123413e+02 9.18168213e+02
    6.75440979e+02 9.24888367e+02 7.80461853e+02 9.31426758e+02
    8.85331421e+02 9.38139465e+02 9.89810059e+02 9.44765442e+02
    1.09427673e+03 9.51319397e+02 1.19823621e+03 9.57778076e+02
    1.30206970e+03 9.64467651e+02 1.40540247e+03 9.70993713e+02
    5.65335693e+02 1.02208691e+03 6.70501038e+02 1.02863745e+03
    7.75593933e+02 1.03527063e+03 8.80418274e+02 1.04170935e+03
    9.84798950e+02 1.04821716e+03 1.08916479e+03 1.05469360e+03
    1.19297363e+03 1.06124731e+03 1.29685864e+03 1.06758313e+03
    1.39986975e+03 1.07381921e+03 5.60443481e+02 1.12554224e+03
    6.65508118e+02 1.13198535e+03 7.70516724e+02 1.13834387e+03
    8.75382874e+02 1.14471533e+03 9.79682373e+02 1.15111743e+03
    1.08391199e+03 1.15737744e+03 1.18770178e+03 1.16360669e+03
    1.29150159e+03 1.16986072e+03 1.39453772e+03 1.17617505e+03
    5.55505310e+02 1.22893616e+03 6.60445435e+02 1.23533997e+03
    7.65487000e+02 1.24158801e+03 8.70123535e+02 1.24777148e+03
    9.74421387e+02 1.25405383e+03 1.07864124e+03 1.26016577e+03
    1.18224854e+03 1.26632178e+03 1.28598865e+03 1.27249121e+03
    1.38910669e+03 1.27854541e+03 5.50779907e+02 1.33188770e+03
    6.55625122e+02 1.33807104e+03 7.60589844e+02 1.34411389e+03
    8.65184204e+02 1.35023303e+03 9.69401062e+02 1.35629858e+03
    1.07349512e+03 1.36233972e+03 1.17714429e+03 1.36826965e+03
    1.28072754e+03 1.37429089e+03 1.38361353e+03 1.38020361e+03
    3.04535352e+03 1.56802795e+03 3.14411230e+03 1.57802869e+03
    3.24352222e+03 1.58827612e+03 3.34356714e+03 1.59837537e+03
    3.44407568e+03 1.60865381e+03 3.54525269e+03 1.61896191e+03
    3.64666724e+03 1.62920874e+03 3.74918799e+03 1.63969946e+03
    3.85170142e+03 1.65014392e+03 3.03462451e+03 1.66701306e+03
    3.13334375e+03 1.67733020e+03 3.23273242e+03 1.68768042e+03
    3.33271875e+03 1.69815015e+03 3.43319482e+03 1.70874951e+03
    3.53437061e+03 1.71918811e+03 3.63590186e+03 1.72976514e+03
    3.73835034e+03 1.74048230e+03 3.84080054e+03 1.75118848e+03
    3.02391162e+03 1.76641467e+03 3.12253369e+03 1.77704272e+03
    3.22199609e+03 1.78772156e+03 3.32197632e+03 1.79853516e+03
    3.42239722e+03 1.80932202e+03 3.52355640e+03 1.82016272e+03
    3.62508154e+03 1.83110339e+03 3.72748633e+03 1.84205542e+03
    3.83000171e+03 1.85301428e+03 3.01295190e+03 1.86544897e+03
    3.11166260e+03 1.87643115e+03 3.21104346e+03 1.88739221e+03
    3.31093457e+03 1.89837256e+03 3.41152344e+03 1.90951453e+03
    3.51264355e+03 1.92064185e+03 3.61424634e+03 1.93185291e+03
    3.71651099e+03 1.94304529e+03 3.81906177e+03 1.95433960e+03
    3.00192090e+03 1.96461707e+03 3.10058984e+03 1.97596838e+03
    3.20001587e+03 1.98719910e+03 3.29993018e+03 1.99857251e+03
    3.40047070e+03 2.00999231e+03 3.50159180e+03 2.02143872e+03
    3.60310718e+03 2.03282678e+03 3.70548877e+03 2.04448950e+03
    3.80803125e+03 2.05600464e+03 2.99114648e+03 2.06368115e+03
    3.08977246e+03 2.07515942e+03 3.18917627e+03 2.08670630e+03
    3.28906641e+03 2.09832178e+03 3.38954565e+03 2.11001807e+03
    3.49066406e+03 2.12174512e+03 3.59217920e+03 2.13351538e+03
    3.69448755e+03 2.14535742e+03 3.79705737e+03 2.15725684e+03
    1.74790076e+03 4.38256622e+02 1.84896753e+03 4.46769440e+02
    1.95033838e+03 4.55428650e+02 2.05184204e+03 4.63904663e+02
    2.15331836e+03 4.72539368e+02 2.25511304e+03 4.81263184e+02
    2.35670312e+03 4.89784485e+02 2.45870605e+03 4.98458710e+02
    2.56045142e+03 5.07162170e+02 1.74039661e+03 5.40734253e+02
    1.84132629e+03 5.49339233e+02 1.94244202e+03 5.57803284e+02
    2.04372681e+03 5.66495361e+02 2.14505396e+03 5.75240540e+02
    2.24659741e+03 5.83724304e+02 2.34817822e+03 5.92408691e+02
    2.45000586e+03 6.01105591e+02 2.55155933e+03 6.09659302e+02
    1.73278625e+03 6.43302368e+02 1.83355334e+03 6.51843567e+02
    1.93453748e+03 6.60591492e+02 2.03571057e+03 6.69338013e+02
    2.13685645e+03 6.78029907e+02 2.23829590e+03 6.86682007e+02
    2.33963013e+03 6.95413086e+02 2.44139893e+03 7.04064087e+02
    2.54269263e+03 7.12763611e+02 1.72509753e+03 7.45235596e+02
