<?xml version="1.0"?>
<opencv_storage>
<robotBase2ptu_LeftCamera type_id="opencv-matrix">
  <rows>4</rows>
  <cols>4</cols>
  <dt>f</dt>
  <data>
    1.50356248e-01 4.26186442e-01 -8.92025769e-01 -2.29739115e-01
    -9.14938986e-01 -2.81764299e-01 -2.88823396e-01 1.63010776e-01
    -3.74442190e-01 8.59610677e-01 3.47573072e-01 1.79952395e+00 0. 0.
    0. 1.</data></robotBase2ptu_LeftCamera>
<robotBase2ptugripperHcamera_RightCamera type_id="opencv-matrix">
  <rows>4</rows>
  <cols>4</cols>
  <dt>f</dt>
  <data>
    1.42818481e-01 5.09028852e-01 -8.48794639e-01 -2.00722113e-01
    -7.85864353e-01 -4.62981045e-01 -4.09869939e-01 -1.37041569e-01
    -6.01625562e-01 7.25601435e-01 3.33910316e-01 1.80205679e+00 0. 0.
    0. 1.</data></robotBase2ptugripperHcamera_RightCamera>
</opencv_storage>
