<?xml version="1.0"?>
<opencv_storage>
<calibration_Time>"Thu Oct 16 16:27:58 2014"</calibration_Time>
<!-- 4 angle position of both PTUs (PTUL_X, PTUL_Y, PTUR_X, PTUR_Y) -->
<PTU_angles type_id="opencv-matrix">
  <rows>30</rows>
  <cols>4</cols>
  <dt>f</dt>
  <data>
    -9.17719603e-02 -6.66412488e-02 7.02313557e-02 -9.58108231e-02
    4.15105447e-02 1.90724116e-02 2.03513861e-01 -1.00971591e-02
    -2.71052629e-01 -1.83768302e-01 -1.09049320e-01 -2.12937877e-01
    9.42401588e-03 -2.61404246e-01 1.71427324e-01 -2.90573806e-01
    -1.38892040e-01 -5.34027554e-02 2.31112763e-02 -8.25723261e-02
    1.05683602e-01 -1.20044008e-01 2.67686903e-01 -1.49213582e-01
    -1.96782425e-01 -2.76213408e-01 -3.47791053e-02 -3.05382967e-01
    -2.52877742e-01 -8.81818607e-02 -9.08744335e-02 -1.17351428e-01
    -3.25352922e-02 1.34628790e-03 1.29468024e-01 -2.78232843e-02
    -1.44725949e-01 -1.61778927e-01 1.72773618e-02 -1.90948501e-01
    9.78302583e-02 -2.29317710e-01 2.59833574e-01 -2.58487284e-01
    -1.65593415e-01 -2.44575646e-02 -3.59010114e-03 -5.36271371e-02
    -8.84062424e-02 -8.99769068e-02 7.35970736e-02 -1.19146481e-01
    -2.13162247e-02 -1.65593415e-01 1.40687093e-01 -1.94762990e-01
    7.09045008e-02 -8.39186162e-02 2.32907817e-01 -1.13088183e-01
    -2.17649877e-01 -1.59535125e-01 -5.56465685e-02 -1.88704684e-01
    -5.02614155e-02 -1.84441447e-01 1.11741900e-01 -2.13611022e-01
    -1.93416700e-01 -2.60955483e-01 -3.14133838e-02 -2.90125042e-01
    6.21536262e-02 -2.13162258e-01 2.24156946e-01 -2.42331833e-01
    -8.99769068e-02 -1.33506879e-01 7.20264018e-02 -1.62676454e-01
    -8.99769068e-02 -1.33506879e-01 7.20264018e-02 -1.62676454e-01
    -8.99769068e-02 -1.33506879e-01 7.20264018e-02 -1.62676454e-01
    -8.99769068e-02 -1.33506879e-01 7.20264018e-02 -1.62676454e-01
    -8.99769068e-02 -1.33506879e-01 7.20264018e-02 -1.62676454e-01
    -8.99769068e-02 -1.33506879e-01 7.20264018e-02 -1.62676454e-01
    -8.99769068e-02 -1.33506879e-01 7.20264018e-02 -1.62676454e-01
    -8.99769068e-02 -1.33506879e-01 7.20264018e-02 -1.62676454e-01
    -8.99769068e-02 -1.33506879e-01 7.20264018e-02 -1.62676454e-01
    -8.99769068e-02 -1.33506879e-01 7.20264018e-02 -1.62676454e-01
    -8.99769068e-02 -1.33506879e-01 7.20264018e-02 -1.62676454e-01</data></PTU_angles>
</opencv_storage>
