<?xml version="1.0"?>
<opencv_storage>
<calibration_Time>"Thu Oct 16 16:28:00 2014"</calibration_Time>
<numPoses>33</numPoses>
<H_robotBase2camR_0 type_id="opencv-matrix">
  <rows>4</rows>
  <cols>4</cols>
  <dt>f</dt>
  <data>
    5.61061352e-02 -7.54769206e-01 6.53586566e-01 -2.90793836e-01
    -9.97338116e-01 -1.18343811e-02 7.19485655e-02 -1.70505583e-01
    -4.65696789e-02 -6.55883551e-01 -7.53423989e-01 1.78932393e+00 0. 0.
    0. 1.</data></H_robotBase2camR_0>
<H_robotBase2camR_1 type_id="opencv-matrix">
  <rows>4</rows>
  <cols>4</cols>
  <dt>f</dt>
  <data>
    5.57641387e-02 -7.56791413e-01 6.51273310e-01 -2.86247551e-01
    -9.97408152e-01 -1.25181694e-02 7.08550811e-02 -1.68493792e-01
    -4.54697609e-02 -6.53536618e-01 -7.55527854e-01 1.79173589e+00 0. 0.
    0. 1.</data></H_robotBase2camR_1>
<H_robotBase2camR_2 type_id="opencv-matrix">
  <rows>4</rows>
  <cols>4</cols>
  <dt>f</dt>
  <data>
    5.35710007e-02 -7.57430673e-01 6.50714219e-01 -2.87401319e-01
    -9.97399390e-01 -9.12346691e-03 7.14926720e-02 -1.68963388e-01
    -4.82138693e-02 -6.52851760e-01 -7.55949616e-01 1.79428244e+00 0. 0.
    0. 1.</data></H_robotBase2camR_2>
<H_robotBase2camR_3 type_id="opencv-matrix">
  <rows>4</rows>
  <cols>4</cols>
  <dt>f</dt>
  <data>
    4.97239381e-02 -7.56805301e-01 6.51746392e-01 -2.89826274e-01
    -9.97431993e-01 -3.95070761e-03 7.15097785e-02 -1.66855752e-01
    -5.15441000e-02 -6.53628469e-01 -7.55058348e-01 1.79129827e+00 0. 0.
    0. 1.</data></H_robotBase2camR_3>
<H_robotBase2camR_4 type_id="opencv-matrix">
  <rows>4</rows>
  <cols>4</cols>
  <dt>f</dt>
  <data>
    4.97141108e-02 -7.53664255e-01 6.55376792e-01 -2.95672894e-01
    -9.97538328e-01 -4.97851660e-03 6.99439943e-02 -1.65228844e-01
    -4.94513698e-02 -6.57240868e-01 -7.52056420e-01 1.78656459e+00 0. 0.
    0. 1.</data></H_robotBase2camR_4>
<H_robotBase2camR_5 type_id="opencv-matrix">
  <rows>4</rows>
  <cols>4</cols>
  <dt>f</dt>
  <data>
    5.36747575e-02 -7.58349121e-01 6.49635077e-01 -2.82449961e-01
    -9.97269928e-01 -7.66826607e-03 7.34457672e-02 -1.70357943e-01
    -5.07159531e-02 -6.51803792e-01 -7.56690264e-01 1.79200530e+00 0. 0.
    0. 1.</data></H_robotBase2camR_5>
<H_robotBase2camR_6 type_id="opencv-matrix">
  <rows>4</rows>
  <cols>4</cols>
  <dt>f</dt>
  <data>
    6.05471432e-02 -7.56808639e-01 6.50825977e-01 -2.88764477e-01
    -9.97341037e-01 -1.93798747e-02 7.02485144e-02 -1.69684589e-01
    -4.05516922e-02 -6.53348863e-01 -7.55969882e-01 1.79026449e+00 0. 0.
    0. 1.</data></H_robotBase2camR_6>
<H_robotBase2camR_7 type_id="opencv-matrix">
  <rows>4</rows>
  <cols>4</cols>
  <dt>f</dt>
  <data>
    5.83154932e-02 -7.55581915e-01 6.52453542e-01 -2.91950047e-01
    -9.97547626e-01 -1.87575426e-02 6.74373880e-02 -1.65020213e-01
    -3.87159288e-02 -6.54786170e-01 -7.54822373e-01 1.78890061e+00 0. 0.
    0. 1.</data></H_robotBase2camR_7>
<H_robotBase2camR_8 type_id="opencv-matrix">
  <rows>4</rows>
  <cols>4</cols>
  <dt>f</dt>
  <data>
    5.76632768e-02 -7.59176016e-01 6.48326218e-01 -2.85991192e-01
    -9.97337818e-01 -1.47729665e-02 7.14060068e-02 -1.70341134e-01
    -4.46320474e-02 -6.50717795e-01 -7.58006871e-01 1.79719424e+00 0. 0.
    0. 1.</data></H_robotBase2camR_8>
<H_robotBase2camR_9 type_id="opencv-matrix">
  <rows>4</rows>
  <cols>4</cols>
  <dt>f</dt>
  <data>
    5.68628907e-02 -7.57266343e-01 6.50626183e-01 -2.89295316e-01
    -9.97446299e-01 -1.48831084e-02 6.98512197e-02 -1.68811142e-01
    -4.32126224e-02 -6.52936459e-01 -7.56178677e-01 1.79368222e+00 0. 0.
    0. 1.</data></H_robotBase2camR_9>
<H_robotBase2camR_10 type_id="opencv-matrix">
  <rows>4</rows>
  <cols>4</cols>
  <dt>f</dt>
  <data>
    5.85896373e-02 -7.57589400e-01 6.50096536e-01 -2.86893010e-01
    -9.97505903e-01 -1.87508650e-02 6.80486411e-02 -1.67723835e-01
    -3.93629819e-02 -6.52462125e-01 -7.56798267e-01 1.79261422e+00 0. 0.
    0. 1.</data></H_robotBase2camR_10>
<H_robotBase2camR_11 type_id="opencv-matrix">
  <rows>4</rows>
  <cols>4</cols>
  <dt>f</dt>
  <data>
    5.83437085e-02 -7.53878176e-01 6.54418468e-01 -2.92511702e-01
    -9.97552395e-01 -1.87224597e-02 6.73674643e-02 -1.65757418e-01
    -3.85345370e-02 -6.56747341e-01 -7.53125429e-01 1.78445804e+00 0. 0.
    0. 1.</data></H_robotBase2camR_11>
<H_robotBase2camR_12 type_id="opencv-matrix">
  <rows>4</rows>
  <cols>4</cols>
  <dt>f</dt>
  <data>
    5.62298596e-02 -7.53690481e-01 6.54819608e-01 -2.91445971e-01
    -9.97518897e-01 -1.45855695e-02 6.88699186e-02 -1.66649550e-01
    -4.23556268e-02 -6.57067537e-01 -7.52640665e-01 1.78539217e+00 0. 0.
    0. 1.</data></H_robotBase2camR_12>
<H_robotBase2camR_13 type_id="opencv-matrix">
  <rows>4</rows>
  <cols>4</cols>
  <dt>f</dt>
  <data>
    5.61164543e-02 -7.56080866e-01 6.52068019e-01 -2.89081454e-01
    -9.97407854e-01 -1.29906461e-02 7.07735047e-02 -1.70102775e-01
    -4.50396389e-02 -6.54349566e-01 -7.54849970e-01 1.79084301e+00 0. 0.
    0. 1.</data></H_robotBase2camR_13>
<H_robotBase2camR_14 type_id="opencv-matrix">
  <rows>4</rows>
  <cols>4</cols>
  <dt>f</dt>
  <data>
    5.62956929e-02 -7.56050706e-01 6.52087569e-01 -2.90422201e-01
    -9.97364581e-01 -1.26499087e-02 7.14369714e-02 -1.70989931e-01
    -4.57611084e-02 -6.54390454e-01 -7.54770458e-01 1.79163420e+00 0. 0.
    0. 1.</data></H_robotBase2camR_14>
<H_robotBase2camR_15 type_id="opencv-matrix">
  <rows>4</rows>
  <cols>4</cols>
  <dt>f</dt>
  <data>
    5.17925620e-02 -7.56239533e-01 6.52241945e-01 -2.90926933e-01
    -9.97410417e-01 -6.53860345e-03 7.16199577e-02 -1.68354154e-01
    -4.98970151e-02 -6.54262185e-01 -7.54619718e-01 1.79094529e+00 0. 0.
    0. 1.</data></H_robotBase2camR_15>
<H_robotBase2camR_16 type_id="opencv-matrix">
  <rows>4</rows>
  <cols>4</cols>
  <dt>f</dt>
  <data>
    5.16678989e-02 -7.56514907e-01 6.51932240e-01 -2.88957000e-01
    -9.97583449e-01 -8.73505697e-03 6.89257011e-02 -1.64469838e-01
    -4.64486033e-02 -6.53918087e-01 -7.55137980e-01 1.79214752e+00 0. 0.
    0. 1.</data></H_robotBase2camR_16>
<H_robotBase2camR_17 type_id="opencv-matrix">
  <rows>4</rows>
  <cols>4</cols>
  <dt>f</dt>
  <data>
    5.37379980e-02 -7.54784286e-01 6.53768122e-01 -2.88740933e-01
    -9.97467279e-01 -1.00226551e-02 7.04179704e-02 -1.66801482e-01
    -4.65979576e-02 -6.55896425e-01 -7.53411353e-01 1.78702307e+00 0. 0.
    0. 1.</data></H_robotBase2camR_17>
<H_robotBase2camR_18 type_id="opencv-matrix">
  <rows>4</rows>
  <cols>4</cols>
  <dt>f</dt>
  <data>
    5.52907884e-02 -7.55420864e-01 6.52902901e-01 -2.85462976e-01
    -9.97278214e-01 -9.83776152e-03 7.30713904e-02 -1.70267582e-01
    -4.87765372e-02 -6.55166090e-01 -7.53908634e-01 1.79255462e+00 0. 0.
    0. 1.</data></H_robotBase2camR_18>
<H_robotBase2camR_19 type_id="opencv-matrix">
  <rows>4</rows>
  <cols>4</cols>
  <dt>f</dt>
  <data>
    5.60415983e-02 -7.56297350e-01 6.51823401e-01 -2.87462413e-01
    -9.96980429e-01 -7.24289380e-03 7.73129463e-02 -1.77105010e-01
    -5.37505448e-02 -6.54187977e-01 -7.54419565e-01 1.79435551e+00 0. 0.
    0. 1.</data></H_robotBase2camR_19>
<H_robotBase2camR_20 type_id="opencv-matrix">
  <rows>4</rows>
  <cols>4</cols>
  <dt>f</dt>
  <data>
    6.29138350e-02 -7.57362545e-01 6.49956822e-01 -2.86723793e-01
    -9.96935070e-01 -1.73456296e-02 7.62884617e-02 -1.75194323e-01
    -4.65040058e-02 -6.52764440e-01 -7.56132483e-01 1.79894078e+00 0. 0.
    0. 1.</data></H_robotBase2camR_20>
<H_robotBase2camR_21 type_id="opencv-matrix">
  <rows>4</rows>
  <cols>4</cols>
  <dt>f</dt>
  <data>
    4.53891903e-02 -7.61451662e-01 6.46630764e-01 -2.80551374e-01
    -9.98123646e-01 -7.93552399e-03 6.07171059e-02 -1.51754752e-01
    -4.11017835e-02 -6.48173153e-01 -7.60383010e-01 1.79855192e+00 0. 0.
    0. 1.</data></H_robotBase2camR_21>
