<?xml version="1.0"?>
<opencv_storage>
<calibration_Time>"Thu Oct 16 16:28:00 2014"</calibration_Time>
<numPoses>34</numPoses>
<H_robotBase2camL_0 type_id="opencv-matrix">
  <rows>4</rows>
  <cols>4</cols>
  <dt>f</dt>
  <data>
    -3.04881744e-02 -7.55046725e-01 6.54961765e-01 -2.90351868e-01
    -9.98111248e-01 -1.19639412e-02 -6.02537990e-02 1.14343502e-01
    5.33303805e-02 -6.55561805e-01 -7.53256023e-01 1.79049873e+00 0. 0.
    0. 1.</data></H_robotBase2camL_0>
<H_robotBase2camL_1 type_id="opencv-matrix">
  <rows>4</rows>
  <cols>4</cols>
  <dt>f</dt>
  <data>
    -3.11320126e-02 -7.55887687e-01 6.53960586e-01 -2.87444353e-01
    -9.98013377e-01 -1.23463683e-02 -6.17814958e-02 1.16974182e-01
    5.47738671e-02 -6.54584765e-01 -7.54001737e-01 1.79033780e+00 0. 0.
    0. 1.</data></H_robotBase2camL_1>
<H_robotBase2camL_2 type_id="opencv-matrix">
  <rows>4</rows>
  <cols>4</cols>
  <dt>f</dt>
  <data>
    -3.31218094e-02 -7.57227063e-01 6.52311325e-01 -2.86750138e-01
    -9.98118877e-01 -8.63152742e-03 -6.07001781e-02 1.15924716e-01
    5.15944064e-02 -6.53094471e-01 -7.55516648e-01 1.79501820e+00 0. 0.
    0. 1.</data></H_robotBase2camL_2>
<H_robotBase2camL_3 type_id="opencv-matrix">
  <rows>4</rows>
  <cols>4</cols>
  <dt>f</dt>
  <data>
    -3.74146402e-02 -7.56174982e-01 6.53298914e-01 -2.89003968e-01
    -9.98112917e-01 -3.57503444e-03 -6.13003373e-02 1.19018167e-01
    4.86893356e-02 -6.54359639e-01 -7.54614472e-01 1.79169726e+00 0. 0.
    0. 1.</data></H_robotBase2camL_3>
<H_robotBase2camL_4 type_id="opencv-matrix">
  <rows>4</rows>
  <cols>4</cols>
  <dt>f</dt>
  <data>
    -3.75285447e-02 -7.49425411e-01 6.61024392e-01 -3.01466763e-01
    -9.98094440e-01 -4.31043003e-03 -6.15519807e-02 1.18303359e-01
    4.89779562e-02 -6.62074745e-01 -7.47835636e-01 1.78046370e+00 0. 0.
    0. 1.</data></H_robotBase2camL_4>
<H_robotBase2camL_5 type_id="opencv-matrix">
  <rows>4</rows>
  <cols>4</cols>
  <dt>f</dt>
  <data>
    -3.40094268e-02 -7.57395148e-01 6.52070642e-01 -2.83581376e-01
    -9.98163939e-01 -6.98114000e-03 -6.01691902e-02 1.16602242e-01
    5.01240492e-02 -6.52919650e-01 -7.55767107e-01 1.79193497e+00 0. 0.
    0. 1.</data></H_robotBase2camL_5>
<H_robotBase2camL_6 type_id="opencv-matrix">
  <rows>4</rows>
  <cols>4</cols>
  <dt>f</dt>
  <data>
    -2.50218511e-02 -7.56549239e-01 6.53457880e-01 -2.90044427e-01
    -9.97936487e-01 -1.97598897e-02 -6.10894263e-02 1.13527656e-01
    5.91295362e-02 -6.53637946e-01 -7.54493833e-01 1.78903401e+00 0. 0.
    0. 1.</data></H_robotBase2camL_6>
<H_robotBase2camL_7 type_id="opencv-matrix">
  <rows>4</rows>
  <cols>4</cols>
  <dt>f</dt>
  <data>
    -2.42473111e-02 -7.53347516e-01 6.57175541e-01 -2.98079610e-01
    -9.98097658e-01 -1.90338753e-02 -5.86453155e-02 1.09508365e-01
    5.66889271e-02 -6.57347560e-01 -7.51452625e-01 1.78611505e+00 0. 0.
    0. 1.</data></H_robotBase2camL_7>
<H_robotBase2camL_8 type_id="opencv-matrix">
  <rows>4</rows>
  <cols>4</cols>
  <dt>f</dt>
  <data>
    -2.92581022e-02 -7.58839250e-01 6.50620282e-01 -2.86196589e-01
    -9.97996449e-01 -1.43523887e-02 -6.16191626e-02 1.15992516e-01
    5.60969710e-02 -6.51119769e-01 -7.56899059e-01 1.79682589e+00 0. 0.
    0. 1.</data></H_robotBase2camL_8>
<H_robotBase2camL_9 type_id="opencv-matrix">
  <rows>4</rows>
  <cols>4</cols>
  <dt>f</dt>
  <data>
    -2.97881365e-02 -7.57141709e-01 6.52570903e-01 -2.88563251e-01
    -9.97955918e-01 -1.43996775e-02 -6.22614324e-02 1.15883633e-01
    5.65375090e-02 -6.53091490e-01 -7.55165160e-01 1.79289341e+00 0. 0.
    0. 1.</data></H_robotBase2camL_9>
<H_robotBase2camL_10 type_id="opencv-matrix">
  <rows>4</rows>
  <cols>4</cols>
  <dt>f</dt>
  <data>
    -2.53657475e-02 -7.57444441e-01 6.52406693e-01 -2.87435412e-01
    -9.97960865e-01 -1.90538242e-02 -6.09224737e-02 1.10639006e-01
    5.85762337e-02 -6.52621627e-01 -7.55416334e-01 1.79132092e+00 0. 0.
    0. 1.</data></H_robotBase2camL_10>
<H_robotBase2camL_11 type_id="opencv-matrix">
  <rows>4</rows>
  <cols>4</cols>
  <dt>f</dt>
  <data>
    -2.81653106e-02 -7.52952099e-01 6.57472253e-01 -2.96694040e-01
    -9.97831821e-01 -1.79601461e-02 -6.33140206e-02 1.16712302e-01
    5.94805926e-02 -6.57830179e-01 -7.50813842e-01 1.78424263e+00 0. 0.
    0. 1.</data></H_robotBase2camL_11>
<H_robotBase2camL_12 type_id="opencv-matrix">
  <rows>4</rows>
  <cols>4</cols>
  <dt>f</dt>
  <data>
    -3.04545760e-02 -7.53425241e-01 6.56827629e-01 -2.91333854e-01
    -9.97874141e-01 -1.49605423e-02 -6.34280443e-02 1.18160516e-01
    5.76148927e-02 -6.57362998e-01 -7.51367986e-01 1.78427088e+00 0. 0.
    0. 1.</data></H_robotBase2camL_12>
<H_robotBase2camL_13 type_id="opencv-matrix">
  <rows>4</rows>
  <cols>4</cols>
  <dt>f</dt>
  <data>
    -2.84545310e-02 -7.55959332e-01 6.53999984e-01 -2.88612247e-01
    -9.98181403e-01 -1.32956374e-02 -5.87977469e-02 1.09634742e-01
    5.31440973e-02 -6.54483676e-01 -7.54206300e-01 1.79078400e+00 0. 0.
    0. 1.</data></H_robotBase2camL_13>
<H_robotBase2camL_14 type_id="opencv-matrix">
  <rows>4</rows>
  <cols>4</cols>
  <dt>f</dt>
  <data>
    -3.02956998e-02 -7.55952358e-01 6.53925300e-01 -2.89790392e-01
    -9.98101294e-01 -1.22200102e-02 -6.03675842e-02 1.13324270e-01
    5.36260903e-02 -6.54512346e-01 -7.54146695e-01 1.79164970e+00 0. 0.
    0. 1.</data></H_robotBase2camL_14>
<H_robotBase2camL_15 type_id="opencv-matrix">
  <rows>4</rows>
  <cols>4</cols>
  <dt>f</dt>
  <data>
    -3.50916088e-02 -7.55735993e-01 6.53935552e-01 -2.89798617e-01
    -9.98127580e-01 -6.29571825e-03 -6.08378351e-02 1.17051780e-01
    5.00943363e-02 -6.54845953e-01 -7.54100025e-01 1.79091811e+00 0. 0.
    0. 1.</data></H_robotBase2camL_15>
<H_robotBase2camL_16 type_id="opencv-matrix">
  <rows>4</rows>
  <cols>4</cols>
  <dt>f</dt>
  <data>
    -3.35828140e-02 -7.56781518e-01 6.52804613e-01 -2.85686493e-01
    -9.98043656e-01 -9.06946138e-03 -6.18573129e-02 1.17657304e-01
    5.27331382e-02 -6.53604925e-01 -7.54996538e-01 1.79226649e+00 0. 0.
    0. 1.</data></H_robotBase2camL_16>
<H_robotBase2camL_17 type_id="opencv-matrix">
  <rows>4</rows>
  <cols>4</cols>
  <dt>f</dt>
  <data>
    -3.34096551e-02 -7.54419804e-01 6.55541420e-01 -2.88119435e-01
    -9.97999310e-01 -1.00451857e-02 -6.24231994e-02 1.18898422e-01
    5.36784083e-02 -6.56315446e-01 -7.52574801e-01 1.78673673e+00 0. 0.
    0. 1.</data></H_robotBase2camL_17>
<H_robotBase2camL_18 type_id="opencv-matrix">
  <rows>4</rows>
  <cols>4</cols>
  <dt>f</dt>
  <data>
    -3.12494636e-02 -7.54700065e-01 6.55325294e-01 -2.86487937e-01
    -9.98203516e-01 -9.96784866e-03 -5.90790510e-02 1.13890320e-01
    5.11191785e-02 -6.55994236e-01 -7.53032744e-01 1.79298961e+00 0. 0.
    0. 1.</data></H_robotBase2camL_18>
<H_robotBase2camL_19 type_id="opencv-matrix">
  <rows>4</rows>
  <cols>4</cols>
  <dt>f</dt>
  <data>
    -3.09012830e-02 -7.55252779e-01 6.54704630e-01 -2.89279580e-01
    -9.98449683e-01 -7.01520778e-03 -5.52182794e-02 1.08147889e-01
    4.62966561e-02 -6.55395746e-01 -7.53865123e-01 1.79535544e+00 0. 0.
    0. 1.</data></H_robotBase2camL_19>
<H_robotBase2camL_20 type_id="opencv-matrix">
  <rows>4</rows>
  <cols>4</cols>
  <dt>f</dt>
  <data>
    -2.87967026e-02 -7.57188499e-01 6.52561486e-01 -2.87821710e-01
    -9.98037577e-01 -1.45377293e-02 -6.09105527e-02 1.15086168e-01
    5.56075573e-02 -6.53034806e-01 -7.55283833e-01 1.79792511e+00 0. 0.
    0. 1.</data></H_robotBase2camL_20>
<H_robotBase2camL_21 type_id="opencv-matrix">
  <rows>4</rows>
  <cols>4</cols>
  <dt>f</dt>
  <data>
    -2.21844316e-02 -7.57218480e-01 6.52784705e-01 -2.88568497e-01
    -9.98408079e-01 -1.70882940e-02 -5.37523329e-02 1.05853945e-01
    5.18571734e-02 -6.52938247e-01 -7.55634129e-01 1.79965830e+00 0. 0.
    0. 1.</data></H_robotBase2camL_21>
