<?xml version="1.0"?>
<opencv_storage>
<calibration_Time>"Thu Oct 16 16:28:00 2014"</calibration_Time>
<numPoses>34</numPoses>
<H_robotBase2camL_0 type_id="opencv-matrix">
  <rows>4</rows>
  <cols>4</cols>
  <dt>f</dt>
  <data>
    -3.04881744e-02 -7.55046725e-01 6.54961765e-01 -2.90351868e-01
    -9.98111248e-01 -1.19639412e-02 -6.02537990e-02 1.14343502e-01
    5.33303805e-02 -6.55561805e-01 -7.53256023e-01 1.79049873e+00 0. 0.
    0. 1.</data></H_robotBase2camL_0>
<H_robotBase2camL_1 type_id="opencv-matrix">
  <rows>4</rows>
  <cols>4</cols>
  <dt>f</dt>
  <data>
    -3.11320126e-02 -7.55887687e-01 6.53960586e-01 -2.87444353e-01
    -9.98013377e-01 -1.23463683e-02 -6.17814958e-02 1.16974182e-01
    5.47738671e-02 -6.54584765e-01 -7.54001737e-01 1.79033780e+00 0. 0.
    0. 1.</data></H_robotBase2camL_1>
<H_robotBase2camL_2 type_id="opencv-matrix">
  <rows>4</rows>
  <cols>4</cols>
  <dt>f</dt>
  <data>
    -3.31218094e-02 -7.57227063e-01 6.52311325e-01 -2.86750138e-01
    -9.98118877e-01 -8.63152742e-03 -6.07001781e-02 1.15924716e-01
    5.15944064e-02 -6.53094471e-01 -7.55516648e-01 1.79501820e+00 0. 0.
    0. 1.</data></H_robotBase2camL_2>
<H_robotBase2camL_3 type_id="opencv-matrix">
  <rows>4</rows>
  <cols>4</cols>
  <dt>f</dt>
  <data>
    -3.74146402e-02 -7.56174982e-01 6.53298914e-01 -2.89003968e-01
    -9.98112917e-01 -3.57503444e-03 -6.13003373e-02 1.19018167e-01
    4.86893356e-02 -6.54359639e-01 -7.54614472e-01 1.79169726e+00 0. 0.
    0. 1.</data></H_robotBase2camL_3>
<H_robotBase2camL_4 type_id="opencv-matrix">
  <rows>4</rows>
  <cols>4</cols>
  <dt>f</dt>
  <data>
    -3.75285447e-02 -7.49425411e-01 6.61024392e-01 -3.01466763e-01
    -9.98094440e-01 -4.31043003e-03 -6.15519807e-02 1.18303359e-01
    4.89779562e-02 -6.62074745e-01 -7.47835636e-01 1.78046370e+00 0. 0.
    0. 1.</data></H_robotBase2camL_4>
<H_robotBase2camL_5 type_id="opencv-matrix">
  <rows>4</rows>
  <cols>4</cols>
  <dt>f</dt>
  <data>
    -3.40094268e-02 -7.57395148e-01 6.52070642e-01 -2.83581376e-01
    -9.98163939e-01 -6.98114000e-03 -6.01691902e-02 1.16602242e-01
    5.01240492e-02 -6.52919650e-01 -7.55767107e-01 1.79193497e+00 0. 0.
    0. 1.</data></H_robotBase2camL_5>
<H_robotBase2camL_6 type_id="opencv-matrix">
  <rows>4</rows>
  <cols>4</cols>
  <dt>f</dt>
  <data>
    -2.50218511e-02 -7.56549239e-01 6.53457880e-01 -2.90044427e-01
    -9.97936487e-01 -1.97598897e-02 -6.10894263e-02 1.13527656e-01
    5.91295362e-02 -6.53637946e-01 -7.54493833e-01 1.78903401e+00 0. 0.
    0. 1.</data></H_robotBase2camL_6>
<H_robotBase2camL_7 type_id="opencv-matrix">
  <rows>4</rows>
  <cols>4</cols>
  <dt>f</dt>
  <data>
    -2.42473111e-02 -7.53347516e-01 6.57175541e-01 -2.98079610e-01
    -9.98097658e-01 -1.90338753e-02 -5.86453155e-02 1.09508365e-01
    5.66889271e-02 -6.57347560e-01 -7.51452625e-01 1.78611505e+00 0. 0.
    0. 1.</data></H_robotBase2camL_7>
<H_robotBase2camL_8 type_id="opencv-matrix">
  <rows>4</rows>
  <cols>4</cols>
  <dt>f</dt>
  <data>
    -2.92581022e-02 -7.58839250e-01 6.50620282e-01 -2.86196589e-01
    -9.97996449e-01 -1.43523887e-02 -6.16191626e-02 1.15992516e-01
    5.60969710e-02 -6.51119769e-01 -7.56899059e-01 1.79682589e+00 0. 0.
    0. 1.</data></H_robotBase2camL_8>
<H_robotBase2camL_9 type_id="opencv-matrix">
  <rows>4</rows>
  <cols>4</cols>
  <dt>f</dt>
  <data>
    -2.97881365e-02 -7.57141709e-01 6.52570903e-01 -2.88563251e-01
    -9.97955918e-01 -1.43996775e-02 -6.22614324e-02 1.15883633e-01
    5.65375090e-02 -6.53091490e-01 -7.55165160e-01 1.79289341e+00 0. 0.
    0. 1.</data></H_robotBase2camL_9>
<H_robotBase2camL_10 type_id="opencv-matrix">
  <rows>4</rows>
  <cols>4</cols>
  <dt>f</dt>
  <data>
    -2.53657475e-02 -7.57444441e-01 6.52406693e-01 -2.87435412e-01
    -9.97960865e-01 -1.90538242e-02 -6.09224737e-02 1.10639006e-01
    5.85762337e-02 -6.52621627e-01 -7.55416334e-01 1.79132092e+00 0. 0.
    0. 1.</data></H_robotBase2camL_10>
<H_robotBase2camL_11 type_id="opencv-matrix">
  <rows>4</rows>
  <cols>4</cols>
  <dt>f</dt>
  <data>
    -2.81653106e-02 -7.52952099e-01 6.57472253e-01 -2.96694040e-01
    -9.97831821e-01 -1.79601461e-02 -6.33140206e-02 1.16712302e-01
    5.94805926e-02 -6.57830179e-01 -7.50813842e-01 1.78424263e+00 0. 0.
    0. 1.</data></H_robotBase2camL_11>
<H_robotBase2camL_12 type_id="opencv-matrix">
  <rows>4</rows>
  <cols>4</cols>
  <dt>f</dt>
  <data>
    -3.04545760e-02 -7.53425241e-01 6.56827629e-01 -2.91333854e-01
    -9.97874141e-01 -1.49605423e-02 -6.34280443e-02 1.18160516e-01
    5.76148927e-02 -6.57362998e-01 -7.51367986e-01 1.78427088e+00 0. 0.
    0. 1.</data></H_robotBase2camL_12>
<H_robotBase2camL_13 type_id="opencv-matrix">
  <rows>4</rows>
  <cols>4</cols>
  <dt>f</dt>
  <data>
    -2.84545310e-02 -7.55959332e-01 6.53999984e-01 -2.88612247e-01
    -9.98181403e-01 -1.32956374e-02 -5.87977469e-02 1.09634742e-01
    5.31440973e-02 -6.54483676e-01 -7.54206300e-01 1.79078400e+00 0. 0.
    0. 1.</data></H_robotBase2camL_13>
<H_robotBase2camL_14 type_id="opencv-matrix">
  <rows>4</rows>
  <cols>4</cols>
  <dt>f</dt>
  <data>
    -3.02956998e-02 -7.55952358e-01 6.53925300e-01 -2.89790392e-01
    -9.98101294e-01 -1.22200102e-02 -6.03675842e-02 1.13324270e-01
    5.36260903e-02 -6.54512346e-01 -7.54146695e-01 1.79164970e+00 0. 0.
    0. 1.</data></H_robotBase2camL_14>
<H_robotBase2camL_15 type_id="opencv-matrix">
  <rows>4</rows>
  <cols>4</cols>
  <dt>f</dt>
  <data>
    -3.50916088e-02 -7.55735993e-01 6.53935552e-01 -2.89798617e-01
    -9.98127580e-01 -6.29571825e-03 -6.08378351e-02 1.17051780e-01
    5.00943363e-02 -6.54845953e-01 -7.54100025e-01 1.79091811e+00 0. 0.
    0. 1.</data></H_robotBase2camL_15>
<H_robotBase2camL_16 type_id="opencv-matrix">
  <rows>4</rows>
  <cols>4</cols>
  <dt>f</dt>
  <data>
    -3.35828140e-02 -7.56781518e-01 6.52804613e-01 -2.85686493e-01
    -9.98043656e-01 -9.06946138e-03 -6.18573129e-02 1.17657304e-01
    5.27331382e-02 -6.53604925e-01 -7.54996538e-01 1.79226649e+00 0. 0.
    0. 1.</data></H_robotBase2camL_16>
<H_robotBase2camL_17 type_id="opencv-matrix">
  <rows>4</rows>
  <cols>4</cols>
  <dt>f</dt>
  <data>
    -3.34096551e-02 -7.54419804e-01 6.55541420e-01 -2.88119435e-01
    -9.97999310e-01 -1.00451857e-02 -6.24231994e-02 1.18898422e-01
    5.36784083e-02 -6.56315446e-01 -7.52574801e-01 1.78673673e+00 0. 0.
    0. 1.</data></H_robotBase2camL_17>
<H_robotBase2camL_18 type_id="opencv-matrix">
  <rows>4</rows>
  <cols>4</cols>
  <dt>f</dt>
  <data>
    -3.12494636e-02 -7.54700065e-01 6.55325294e-01 -2.86487937e-01
    -9.98203516e-01 -9.96784866e-03 -5.90790510e-02 1.13890320e-01
    5.11191785e-02 -6.55994236e-01 -7.53032744e-01 1.79298961e+00 0. 0.
    0. 1.</data></H_robotBase2camL_18>
<H_robotBase2camL_19 type_id="opencv-matrix">
  <rows>4</rows>
  <cols>4</cols>
  <dt>f</dt>
  <data>
    -3.09012830e-02 -7.55252779e-01 6.54704630e-01 -2.89279580e-01
    -9.98449683e-01 -7.01520778e-03 -5.52182794e-02 1.08147889e-01
    4.62966561e-02 -6.55395746e-01 -7.53865123e-01 1.79535544e+00 0. 0.
    0. 1.</data></H_robotBase2camL_19>
<H_robotBase2camL_20 type_id="opencv-matrix">
  <rows>4</rows>
  <cols>4</cols>
  <dt>f</dt>
  <data>
    -2.87967026e-02 -7.57188499e-01 6.52561486e-01 -2.87821710e-01
    -9.98037577e-01 -1.45377293e-02 -6.09105527e-02 1.15086168e-01
    5.56075573e-02 -6.53034806e-01 -7.55283833e-01 1.79792511e+00 0. 0.
    0. 1.</data></H_robotBase2camL_20>
<H_robotBase2camL_21 type_id="opencv-matrix">
  <rows>4</rows>
  <cols>4</cols>
  <dt>f</dt>
  <data>
    -2.21844316e-02 -7.57218480e-01 6.52784705e-01 -2.88568497e-01
    -9.98408079e-01 -1.70882940e-02 -5.37523329e-02 1.05853945e-01
    5.18571734e-02 -6.52938247e-01 -7.55634129e-01 1.79965830e+00 0. 0.
    0. 1.</data></H_robotBase2camL_21>
<H_robotBase2camL_22 type_id="opencv-matrix">
  <rows>4</rows>
  <cols>4</cols>
  <dt>f</dt>
  <data>
    -4.12847772e-02 -7.60728180e-01 6.47756100e-01 -2.79038846e-01
    -9.97332335e-01 -7.68411160e-03 -7.25891590e-02 1.34749919e-01
    6.01980090e-02 -6.49024904e-01 -7.58381724e-01 1.79712558e+00 0. 0.
    0. 1.</data></H_robotBase2camL_22>
<H_robotBase2camL_23 type_id="opencv-matrix">
  <rows>4</rows>
  <cols>4</cols>
  <dt>f</dt>
  <data>
    -3.92964482e-02 -7.58345902e-01 6.50666773e-01 -2.82166123e-01
    -9.97210681e-01 -1.15894526e-02 -7.37330019e-02 1.34825811e-01
    6.34561181e-02 -6.51749253e-01 -7.55775392e-01 1.78999019e+00 0. 0.
    0. 1.</data></H_robotBase2camL_23>
<H_robotBase2camL_24 type_id="opencv-matrix">
  <rows>4</rows>
  <cols>4</cols>
  <dt>f</dt>
  <data>
    -4.01173234e-02 -7.57147431e-01 6.52010977e-01 -2.84407675e-01
    -9.97227132e-01 -1.05927289e-02 -7.36588538e-02 1.36013061e-01
    6.26770854e-02 -6.53158128e-01 -7.54622996e-01 1.78854084e+00 0. 0.
    0. 1.</data></H_robotBase2camL_24>
<H_robotBase2camL_25 type_id="opencv-matrix">
  <rows>4</rows>
  <cols>4</cols>
  <dt>f</dt>
  <data>
    -3.79769206e-02 -7.57942855e-01 6.51214600e-01 -2.87328005e-01
    -9.96749997e-01 -1.75986737e-02 -7.86103979e-02 1.35396957e-01
    7.10427165e-02 -6.52083516e-01 -7.54811049e-01 1.79025507e+00 0. 0.
    0. 1.</data></H_robotBase2camL_25>
<H_robotBase2camL_26 type_id="opencv-matrix">
  <rows>4</rows>
  <cols>4</cols>
  <dt>f</dt>
  <data>
    -3.91862690e-02 -7.57112265e-01 6.52108490e-01 -2.88138151e-01
    -9.96977866e-01 -1.41865984e-02 -7.63808787e-02 1.32699102e-01
    6.70801550e-02 -6.53130949e-01 -7.54268169e-01 1.78957188e+00 0. 0.
    0. 1.</data></H_robotBase2camL_26>
<H_robotBase2camL_27 type_id="opencv-matrix">
  <rows>4</rows>
  <cols>4</cols>
  <dt>f</dt>
  <data>
    -4.17512283e-02 -7.56444216e-01 6.52724206e-01 -2.90767074e-01
    -9.96925831e-01 -1.18110776e-02 -7.74560273e-02 1.36291146e-01
    6.63005710e-02 -6.53951466e-01 -7.53625751e-01 1.79082942e+00 0. 0.
    0. 1.</data></H_robotBase2camL_27>
<H_robotBase2camL_28 type_id="opencv-matrix">
  <rows>4</rows>
  <cols>4</cols>
  <dt>f</dt>
  <data>
    -3.60213518e-02 -7.49596417e-01 6.60914302e-01 -2.92883456e-01
    -9.98532593e-01 2.38534994e-04 -5.41519225e-02 1.11946329e-01
    4.04343605e-02 -6.61895156e-01 -7.48505056e-01 1.80743217e+00 0. 0.
    0. 1.</data></H_robotBase2camL_28>
<H_robotBase2camL_29 type_id="opencv-matrix">
  <rows>4</rows>
  <cols>4</cols>
  <dt>f</dt>
  <data>
    -4.53400910e-02 -7.52931356e-01 6.56535268e-01 -2.83224881e-01
    -9.97843146e-01 2.90663540e-03 -6.55776858e-02 1.19198486e-01
    4.74671125e-02 -6.58092499e-01 -7.51439393e-01 1.80543959e+00 0. 0.
    0. 1.</data></H_robotBase2camL_29>
<H_robotBase2camL_30 type_id="opencv-matrix">
  <rows>4</rows>
  <cols>4</cols>
  <dt>f</dt>
  <data>
    -4.12177294e-02 -7.59122372e-01 6.49641752e-01 -2.85873353e-01
    -9.97188389e-01 -9.47013497e-03 -7.43346661e-02 1.34317189e-01
    6.25813007e-02 -6.50879025e-01 -7.56597757e-01 1.79354107e+00 0. 0.
    0. 1.</data></H_robotBase2camL_30>
<H_robotBase2camL_31 type_id="opencv-matrix">
  <rows>4</rows>
  <cols>4</cols>
  <dt>f</dt>
  <data>
    -4.38445248e-02 -7.58590221e-01 6.50091231e-01 -2.87189007e-01
    -9.97237980e-01 -5.81759214e-03 -7.40457177e-02 1.35117620e-01
    5.99524975e-02 -6.51542068e-01 -7.56239891e-01 1.79470277e+00 0. 0.
    0. 1.</data></H_robotBase2camL_31>
<H_robotBase2camL_32 type_id="opencv-matrix">
  <rows>4</rows>
  <cols>4</cols>
  <dt>f</dt>
  <data>
    -3.86832058e-02 -7.57766247e-01 6.51378453e-01 -2.87238657e-01
    -9.97246265e-01 -1.20025929e-02 -7.31860697e-02 1.32426649e-01
    6.32760525e-02 -6.52415514e-01 -7.55215228e-01 1.79029846e+00 0. 0.
    0. 1.</data></H_robotBase2camL_32>
<H_robotBase2camL_33 type_id="opencv-matrix">
  <rows>4</rows>
  <cols>4</cols>
  <dt>f</dt>
  <data>
    -3.84077132e-02 -7.56757140e-01 6.52566910e-01 -2.87618339e-01
    -9.97217000e-01 -1.27336383e-02 -7.34590888e-02 1.33846194e-01
    6.39001802e-02 -6.53572083e-01 -7.54161954e-01 1.78802598e+00 0. 0.
    0. 1.</data></H_robotBase2camL_33>
</opencv_storage>
