<?xml version="1.0"?>
<opencv_storage>
<calibration_Time>"Thu Oct 16 16:24:14 2014"</calibration_Time>
<image_Width>4928</image_Width>
<image_Height>3264</image_Height>
<K1 type_id="opencv-matrix">
  <rows>3</rows>
  <cols>3</cols>
  <dt>d</dt>
  <data>
    7.1366078445649928e+03 0. 2.4594966751216448e+03 0.
    7.1329520204258888e+03 1.6994112173299736e+03 0. 0. 1.</data></K1>
<D1 type_id="opencv-matrix">
  <rows>8</rows>
  <cols>1</cols>
  <dt>d</dt>
  <data>
    -2.3700993640642223e-02 -9.1298155156387853e-02 0. 0. 0. 0. 0.
    -4.4156013303807834e-01</data></D1>
<K2 type_id="opencv-matrix">
  <rows>3</rows>
  <cols>3</cols>
  <dt>d</dt>
  <data>
    7.2206563383211314e+03 0. 2.5006415862865560e+03 0.
    7.2162511711137540e+03 1.7150904021162123e+03 0. 0. 1.</data></K2>
<D2 type_id="opencv-matrix">
  <rows>8</rows>
  <cols>1</cols>
  <dt>d</dt>
  <data>
    -2.7452538716657735e-02 7.4471153754905262e-02 0. 0. 0. 0. 0.
    4.0871449649997010e-01</data></D2>
<Avg_Reprojection_Error>8.8014850707464076e-01</Avg_Reprojection_Error>
<R type_id="opencv-matrix">
  <rows>3</rows>
  <cols>3</cols>
  <dt>d</dt>
  <data>
    9.9117009627629304e-01 7.2016426791424865e-04 1.3259457609974501e-01
    -6.2028459732890034e-04 9.9999949194852888e-01
    -7.9457517101823142e-04 -1.3259508095952188e-01
    7.0531277551286566e-04 9.9117003941767046e-01</data></R>
<T type_id="opencv-matrix">
  <rows>3</rows>
  <cols>1</cols>
  <dt>d</dt>
  <data>
    -2.8527396718017484e-01 -2.4312318119055799e-03
    2.0635939144698776e-02</data></T>
<E type_id="opencv-matrix">
  <rows>3</rows>
  <cols>3</cols>
  <dt>d</dt>
  <data>
    3.3516953413385863e-04 -2.0637643439436706e-02
    -2.3933673259649269e-03 -1.7372198985096458e-02
    2.1606863958028026e-04 2.8549122289812057e-01 2.5867153169372124e-03
    -2.8527207136003818e-01 5.4903976275907213e-04</data></E>
<F type_id="opencv-matrix">
  <rows>3</rows>
  <cols>3</cols>
  <dt>d</dt>
  <data>
    -2.6285845035086626e-09 1.6193474530031614e-07
    -1.3477382970740481e-04 1.3632554334668316e-07
    -1.6964329915031129e-09 -1.6320884054880046e-02
    -3.7371896272980277e-04 1.5760741605604464e-02 1.</data></F>
</opencv_storage>
