<?xml version="1.0"?>
<opencv_storage>
<Image_points type_id="opencv-matrix">
  <rows>11</rows>
  <cols>54</cols>
  <dt>"2f"</dt>
  <data>
    2.11463843e+03 1.83317603e+03 2.21276416e+03 1.84195801e+03
    2.31112964e+03 1.85097607e+03 2.40996216e+03 1.85984753e+03
    2.50876147e+03 1.86870679e+03 2.60816089e+03 1.87779871e+03
    2.70754492e+03 1.88671021e+03 2.80754907e+03 1.89565686e+03
    2.90724438e+03 1.90470129e+03 2.10530200e+03 1.93194849e+03
    2.20331372e+03 1.94097815e+03 2.30181396e+03 1.94988000e+03
    2.40066919e+03 1.95897656e+03 2.49960669e+03 1.96812366e+03
    2.59895483e+03 1.97719421e+03 2.69844287e+03 1.98624036e+03
    2.79841016e+03 1.99532104e+03 2.89828662e+03 2.00437415e+03
    2.09577197e+03 2.03124280e+03 2.19391650e+03 2.04041907e+03
    2.29249902e+03 2.04966455e+03 2.39144946e+03 2.05884668e+03
    2.49036670e+03 2.06806738e+03 2.58988306e+03 2.07732471e+03
    2.68934668e+03 2.08658276e+03 2.78939526e+03 2.09584717e+03
    2.88924683e+03 2.10495776e+03 2.08626025e+03 2.13046729e+03
    2.18437524e+03 2.13968018e+03 2.28301978e+03 2.14905396e+03
    2.38196460e+03 2.15839307e+03 2.48121289e+03 2.16765527e+03
    2.58067041e+03 2.17711475e+03 2.68027100e+03 2.18639941e+03
    2.78035620e+03 2.19578711e+03 2.88026562e+03 2.20519263e+03
    2.07636255e+03 2.22973926e+03 2.17469653e+03 2.23938354e+03
    2.27342090e+03 2.24879614e+03 2.37245850e+03 2.25825830e+03
    2.47155835e+03 2.26779956e+03 2.57137769e+03 2.27725342e+03
    2.67084692e+03 2.28671826e+03 2.77104688e+03 2.29633740e+03
    2.87112036e+03 2.30584912e+03 2.06700049e+03 2.32913940e+03
    2.16526514e+03 2.33862524e+03 2.26412842e+03 2.34827124e+03
    2.36309058e+03 2.35785767e+03 2.46236743e+03 2.36747192e+03
    2.56198486e+03 2.37719824e+03 2.66166528e+03 2.38678613e+03
    2.76188354e+03 2.39649536e+03 2.86196899e+03 2.40615210e+03
    2.90274097e+03 2.42512427e+03 3.00127173e+03 2.43511230e+03
    3.10017480e+03 2.44530347e+03 3.19975586e+03 2.45550610e+03
    3.29980908e+03 2.46560449e+03 3.40058130e+03 2.47602295e+03
    3.50162915e+03 2.48626733e+03 3.60350244e+03 2.49659351e+03
    3.70558423e+03 2.50695532e+03 2.89297827e+03 2.52445679e+03
    2.99133618e+03 2.53479810e+03 3.09056079e+03 2.54513843e+03
    3.19027808e+03 2.55560229e+03 3.29037817e+03 2.56618823e+03
    3.39124854e+03 2.57665820e+03 3.49249805e+03 2.58717700e+03
    3.59453662e+03 2.59783569e+03 3.69670020e+03 2.60851074e+03
    2.88293823e+03 2.62449512e+03 2.98159351e+03 2.63515967e+03
    3.08079004e+03 2.64588037e+03 3.18071802e+03 2.65669897e+03
    3.28097266e+03 2.66749414e+03 3.38207373e+03 2.67833643e+03
    3.48330127e+03 2.68918286e+03 3.58553857e+03 2.70014795e+03
    3.68778247e+03 2.71106372e+03 2.87282202e+03 2.72450171e+03
    2.97157812e+03 2.73553735e+03 3.07098853e+03 2.74641260e+03
    3.17091284e+03 2.75754663e+03 3.27149194e+03 2.76859717e+03
    3.37262915e+03 2.77970972e+03 3.47418872e+03 2.79080322e+03
    3.57639087e+03 2.80211279e+03 3.67882544e+03 2.81335938e+03
    2.86256812e+03 2.82486328e+03 2.96148706e+03 2.83623291e+03
    3.06101221e+03 2.84755371e+03 3.16119409e+03 2.85889722e+03
    3.26172314e+03 2.87032568e+03 3.36309521e+03 2.88176245e+03
    3.46456787e+03 2.89319238e+03 3.56713354e+03 2.90473169e+03
    3.66970972e+03 2.91634204e+03 2.85252344e+03 2.92532666e+03
    2.95143237e+03 2.93684106e+03 3.05126001e+03 2.94847095e+03
    3.15142017e+03 2.96013403e+03 3.25215234e+03 2.97186353e+03
    3.35358838e+03 2.98358203e+03 3.45532739e+03 2.99532715e+03
    3.55799731e+03 3.00723901e+03 3.66062012e+03 3.01905664e+03
    6.75018860e+02 9.31349976e+02 7.79293945e+02 9.38423035e+02
    8.83476929e+02 9.45772949e+02 9.87614624e+02 9.52855652e+02
    1.09129333e+03 9.59952454e+02 1.19484802e+03 9.67195679e+02
    1.29808557e+03 9.74294495e+02 1.40142554e+03 9.81340088e+02
    1.50386279e+03 9.88521362e+02 6.69529175e+02 1.03431311e+03
    7.73649170e+02 1.04137927e+03 8.77771973e+02 1.04826343e+03
    9.81767517e+02 1.05539038e+03 1.08544312e+03 1.06241675e+03
    1.18904700e+03 1.06940466e+03 1.29208167e+03 1.07638977e+03
    1.39538806e+03 1.08344031e+03 1.49783301e+03 1.09019934e+03
    6.63952026e+02 1.13754297e+03 7.68091003e+02 1.14442029e+03
    8.72109131e+02 1.15142651e+03 9.76174377e+02 1.15833777e+03
    1.07960645e+03 1.16526599e+03 1.18323193e+03 1.17213013e+03
    1.28621704e+03 1.17905371e+03 1.38938330e+03 1.18577734e+03
    1.49176379e+03 1.19254065e+03 6.58284790e+02 1.24023718e+03
    7.62354614e+02 1.24709595e+03 8.66382874e+02 1.25376379e+03
    9.70235596e+02 1.26068579e+03 1.07397827e+03 1.26738831e+03
    1.17740527e+03 1.27421338e+03 1.28033325e+03 1.28079724e+03
    1.38339697e+03 1.28753284e+03 1.48568420e+03 1.29421875e+03
    6.52455200e+02 1.34293445e+03 7.56569458e+02 1.34959924e+03
    8.60628296e+02 1.35642651e+03 9.64398987e+02 1.36308240e+03
    1.06783887e+03 1.36977588e+03 1.17133203e+03 1.37629907e+03
    1.27416614e+03 1.38294128e+03 1.37721082e+03 1.38955029e+03
    1.47943420e+03 1.39608752e+03 6.47088562e+02 1.44516174e+03
    7.50871216e+02 1.45168860e+03 8.55078003e+02 1.45823889e+03
    9.58689514e+02 1.46483850e+03 1.06209583e+03 1.47138367e+03
    1.16538904e+03 1.47786047e+03 1.26830835e+03 1.48428540e+03
    1.37120227e+03 1.49079565e+03 1.47334351e+03 1.49717627e+03
    2.26072778e+03 2.23932837e+03 2.35861719e+03 2.24834351e+03
    2.45695947e+03 2.25759106e+03 2.55581885e+03 2.26665015e+03
    2.65466113e+03 2.27566553e+03 2.75407935e+03 2.28503516e+03
    2.85361914e+03 2.29423950e+03 2.95376196e+03 2.30348364e+03
    3.05389722e+03 2.31273047e+03 2.25107178e+03 2.33836279e+03
    2.34897168e+03 2.34758643e+03 2.44755859e+03 2.35676465e+03
    2.54635645e+03 2.36611719e+03 2.64546558e+03 2.37549316e+03
    2.74505054e+03 2.38475146e+03 2.84459790e+03 2.39418384e+03
    2.94486792e+03 2.40360962e+03 3.04517480e+03 2.41290356e+03
    2.24125098e+03 2.43803955e+03 2.33946533e+03 2.44747021e+03
    2.43804419e+03 2.45702197e+03 2.53710327e+03 2.46652173e+03
    2.63625464e+03 2.47603247e+03 2.73594092e+03 2.48556885e+03
    2.83559326e+03 2.49510181e+03 2.93612061e+03 2.50473145e+03
    3.03638086e+03 2.51423706e+03 2.23141797e+03 2.53760938e+03
    2.32960718e+03 2.54731274e+03 2.42835669e+03 2.55692090e+03
    2.52745093e+03 2.56666479e+03 2.62687280e+03 2.57625146e+03
    2.72666016e+03 2.58602954e+03 2.82658447e+03 2.59564111e+03
    2.92709766e+03 2.60544580e+03 3.02754834e+03 2.61519849e+03
    2.22125830e+03 2.63761206e+03 2.31965747e+03 2.64752368e+03
    2.41855273e+03 2.65735571e+03 2.51782983e+03 2.66725879e+03
    2.61717725e+03 2.67712256e+03 2.71732324e+03 2.68696729e+03
    2.81721118e+03 2.69685449e+03 2.91790112e+03 2.70677734e+03
    3.01853418e+03 2.71673926e+03 2.21153613e+03 2.73763794e+03
    2.30992236e+03 2.74756738e+03 2.40906616e+03 2.75765454e+03
    2.50832129e+03 2.76760327e+03 2.60788306e+03 2.77768799e+03
    2.70799805e+03 2.78779224e+03 2.80816064e+03 2.79779346e+03
    2.90890259e+03 2.80790967e+03 3.00959351e+03 2.81791943e+03
    2.10976587e+03 9.28849731e+02 2.20897705e+03 9.37847168e+02
    2.30831250e+03 9.47152466e+02 2.40818188e+03 9.56262085e+02
    2.50811133e+03 9.65327942e+02 2.60833423e+03 9.74584839e+02
    2.70864307e+03 9.83851562e+02 2.80955420e+03 9.93057678e+02
    2.91023022e+03 1.00231171e+03 2.10077368e+03 1.02893616e+03
    2.19964502e+03 1.03827661e+03 2.29905762e+03 1.04734192e+03
    2.39871558e+03 1.05660046e+03 2.49853418e+03 1.06588611e+03
    2.59873535e+03 1.07527478e+03 2.69899609e+03 1.08442188e+03
    2.79970630e+03 1.09381921e+03 2.90033521e+03 1.10316248e+03
    2.09162231e+03 1.12935291e+03 2.19054761e+03 1.13865222e+03
    2.28973413e+03 1.14812683e+03 2.38942871e+03 1.15749182e+03
    2.48908032e+03 1.16685742e+03 2.58922095e+03 1.17633728e+03
    2.68926147e+03 1.18574402e+03 2.78990503e+03 1.19523340e+03
    2.89043408e+03 1.20451978e+03 2.08247632e+03 1.22917773e+03
