<?xml version="1.0"?>
<opencv_storage>
<Image_points type_id="opencv-matrix">
  <rows>11</rows>
  <cols>54</cols>
  <dt>"2f"</dt>
  <data>
    2.08032642e+03 1.81162439e+03 2.18131128e+03 1.82046252e+03
    2.28206201e+03 1.82952332e+03 2.38272583e+03 1.83841882e+03
    2.48308813e+03 1.84711304e+03 2.58342114e+03 1.85610254e+03
    2.68330054e+03 1.86475708e+03 2.78334570e+03 1.87368469e+03
    2.88271045e+03 1.88240503e+03 2.07157886e+03 1.91249951e+03
    2.17247339e+03 1.92139111e+03 2.27340649e+03 1.93001184e+03
    2.37418555e+03 1.93878259e+03 2.47462134e+03 1.94760474e+03
    2.57503076e+03 1.95624426e+03 2.67513574e+03 1.96498901e+03
    2.77510645e+03 1.97368018e+03 2.87463379e+03 1.98233728e+03
    2.06266748e+03 2.01381958e+03 2.16383960e+03 2.02256982e+03
    2.26473462e+03 2.03138391e+03 2.36568018e+03 2.04005457e+03
    2.46618311e+03 2.04877197e+03 2.56678101e+03 2.05731885e+03
    2.66684204e+03 2.06608057e+03 2.76711450e+03 2.07468555e+03
    2.86668848e+03 2.08316772e+03 2.05368750e+03 2.11506299e+03
    2.15481812e+03 2.12380298e+03 2.25602368e+03 2.13239087e+03
    2.35692651e+03 2.14108301e+03 2.45770679e+03 2.14957812e+03
    2.55834033e+03 2.15822900e+03 2.65862695e+03 2.16659668e+03
    2.75880713e+03 2.17516992e+03 2.85856543e+03 2.18367065e+03
    2.04452942e+03 2.21669800e+03 2.14583105e+03 2.22533105e+03
    2.24707642e+03 2.23389868e+03 2.34824561e+03 2.24240430e+03
    2.44901685e+03 2.25095483e+03 2.54981299e+03 2.25939404e+03
    2.65002856e+03 2.26772510e+03 2.75047412e+03 2.27627832e+03
    2.85030078e+03 2.28460913e+03 2.03573145e+03 2.31821680e+03
    2.13705933e+03 2.32664453e+03 2.23847607e+03 2.33513770e+03
    2.33958032e+03 2.34359473e+03 2.44054419e+03 2.35197266e+03
    2.54129053e+03 2.36033398e+03 2.64177100e+03 2.36856323e+03
    2.74223438e+03 2.37702759e+03 2.84221655e+03 2.38518042e+03
    2.85701416e+03 2.42277710e+03 2.95827808e+03 2.43293994e+03
    3.05946558e+03 2.44346167e+03 3.16104443e+03 2.45376782e+03
    3.26239258e+03 2.46400269e+03 3.36415039e+03 2.47442285e+03
    3.46563281e+03 2.48463647e+03 3.56757300e+03 2.49494824e+03
    3.66898511e+03 2.50519336e+03 2.84767896e+03 2.52427100e+03
    2.94875610e+03 2.53463062e+03 3.05039795e+03 2.54482446e+03
    3.15198901e+03 2.55526123e+03 3.25361816e+03 2.56567188e+03
    3.35546655e+03 2.57599243e+03 3.45715356e+03 2.58629077e+03
    3.55921045e+03 2.59662622e+03 3.66096729e+03 2.60685327e+03
    2.83799219e+03 2.62636060e+03 2.93947070e+03 2.63686841e+03
    3.04109570e+03 2.64727881e+03 3.14306079e+03 2.65776440e+03
    3.24466602e+03 2.66813135e+03 3.34683496e+03 2.67856274e+03
    3.44861938e+03 2.68909741e+03 3.55093042e+03 2.69950879e+03
    3.65279199e+03 2.70969507e+03 2.82834619e+03 2.72854956e+03
    2.92993335e+03 2.73912866e+03 3.03180200e+03 2.74951318e+03
    3.13376855e+03 2.76003174e+03 3.23585791e+03 2.77052441e+03
    3.33803052e+03 2.78103345e+03 3.44013281e+03 2.79143237e+03
    3.54252002e+03 2.80192383e+03 3.64459399e+03 2.81242822e+03
    2.81839722e+03 2.83123340e+03 2.92027222e+03 2.84181519e+03
    3.02230615e+03 2.85247461e+03 3.12443848e+03 2.86301221e+03
    3.22660669e+03 2.87361133e+03 3.32912427e+03 2.88409106e+03
    3.43124243e+03 2.89457129e+03 3.53390991e+03 2.90516870e+03
    3.63625366e+03 2.91561157e+03 2.80874097e+03 2.93395044e+03
    2.91065796e+03 2.94452734e+03 3.01304224e+03 2.95526855e+03
    3.11525977e+03 2.96572070e+03 3.21766919e+03 2.97647949e+03
    3.32023511e+03 2.98707935e+03 3.42265283e+03 2.99757324e+03
    3.52543018e+03 3.00821826e+03 3.62790015e+03 3.01863965e+03
    6.49813293e+02 8.79207825e+02 7.57265869e+02 8.86014160e+02
    8.63989685e+02 8.93135315e+02 9.70148804e+02 8.99866394e+02
    1.07545129e+03 9.06651123e+02 1.18016626e+03 9.13463562e+02
    1.28385327e+03 9.20167786e+02 1.38740234e+03 9.26817200e+02
    1.48960022e+03 9.33437378e+02 6.45520874e+02 9.84151367e+02
    7.52671204e+02 9.90855652e+02 8.59527039e+02 9.97206055e+02
    9.65534241e+02 1.00379547e+03 1.07076282e+03 1.01021625e+03
    1.17544238e+03 1.01662988e+03 1.27917773e+03 1.02286401e+03
    1.38247351e+03 1.02934607e+03 1.48484644e+03 1.03536572e+03
    6.41034729e+02 1.08955237e+03 7.48333191e+02 1.09568262e+03
    8.55013245e+02 1.10199951e+03 9.61171692e+02 1.10803699e+03
    1.06616138e+03 1.11419983e+03 1.17089612e+03 1.12019189e+03
    1.27455652e+03 1.12631470e+03 1.37783337e+03 1.13222046e+03
    1.47990967e+03 1.13806287e+03 6.36604248e+02 1.19435632e+03
    7.43679016e+02 1.20038892e+03 8.50391235e+02 1.20603711e+03
    9.56306580e+02 1.21181689e+03 1.06157080e+03 1.21747974e+03
    1.16615808e+03 1.22328259e+03 1.26988745e+03 1.22882043e+03
    1.37303772e+03 1.23451184e+03 1.47523584e+03 1.24004248e+03
    6.31904846e+02 1.29926404e+03 7.39159546e+02 1.30475305e+03
    8.45722595e+02 1.31034998e+03 9.51633484e+02 1.31563782e+03
    1.05670715e+03 1.32110046e+03 1.16136511e+03 1.32640210e+03
    1.26483276e+03 1.33154382e+03 1.36819092e+03 1.33688049e+03
    1.47024524e+03 1.34208765e+03 6.27693726e+02 1.40356653e+03
    7.34526733e+02 1.40882593e+03 8.41337036e+02 1.41380701e+03
    9.47133728e+02 1.41899524e+03 1.05218982e+03 1.42390906e+03
    1.15658557e+03 1.42896094e+03 1.26027966e+03 1.43368420e+03
    1.36332910e+03 1.43864929e+03 1.46547827e+03 1.44349805e+03
    2.21271631e+03 2.22002734e+03 2.31356689e+03 2.22918164e+03
    2.41417822e+03 2.23851440e+03 2.51483521e+03 2.24775317e+03
    2.61517383e+03 2.25673901e+03 2.71561426e+03 2.26602368e+03
    2.81562646e+03 2.27517163e+03 2.91587109e+03 2.28439038e+03
    3.01558545e+03 2.29346021e+03 2.20354907e+03 2.32123511e+03
    2.30434668e+03 2.33044482e+03 2.40531543e+03 2.33936011e+03
    2.50603931e+03 2.34856030e+03 2.60657642e+03 2.35773706e+03
    2.70721045e+03 2.36675269e+03 2.80743750e+03 2.37574536e+03
    2.90777588e+03 2.38496240e+03 3.00767285e+03 2.39379761e+03
    2.19430835e+03 2.42304248e+03 2.29532251e+03 2.43212085e+03
    2.39629858e+03 2.44123511e+03 2.49742383e+03 2.45030762e+03
    2.59794653e+03 2.45943188e+03 2.69874268e+03 2.46836206e+03
    2.79897388e+03 2.47746411e+03 2.89960254e+03 2.48643799e+03
    2.99964600e+03 2.49539282e+03 2.18482617e+03 2.52461475e+03
    2.28594580e+03 2.53370679e+03 2.38721826e+03 2.54279028e+03
    2.48832886e+03 2.55181177e+03 2.58939062e+03 2.56075708e+03
    2.69026025e+03 2.56978516e+03 2.79080298e+03 2.57862622e+03
    2.89140674e+03 2.58765918e+03 2.99153394e+03 2.59651489e+03
    2.17523218e+03 2.62680591e+03 2.27663428e+03 2.63597070e+03
    2.37793896e+03 2.64494458e+03 2.47936255e+03 2.65392261e+03
    2.58033081e+03 2.66285547e+03 2.68151587e+03 2.67180859e+03
    2.78205176e+03 2.68060303e+03 2.88304248e+03 2.68955688e+03
    2.98327979e+03 2.69835156e+03 2.16587476e+03 2.72905640e+03
    2.26731250e+03 2.73794287e+03 2.36903345e+03 2.74690430e+03
    2.47041870e+03 2.75575903e+03 2.57163281e+03 2.76476514e+03
    2.67286841e+03 2.77357910e+03 2.77377466e+03 2.78230151e+03
    2.87469873e+03 2.79119043e+03 2.97516333e+03 2.79995630e+03
    2.09931299e+03 8.97698059e+02 2.20137524e+03 9.06582458e+02
    2.30316138e+03 9.15675415e+02 2.40502637e+03 9.24579651e+02
    2.50655273e+03 9.33427429e+02 2.60783862e+03 9.42398315e+02
    2.70882153e+03 9.51155579e+02 2.80983008e+03 9.59982849e+02
    2.91030786e+03 9.68841675e+02 2.09126611e+03 1.00006207e+03
    2.19301147e+03 1.00887726e+03 2.29499170e+03 1.01761646e+03
    2.39658960e+03 1.02644653e+03 2.49793872e+03 1.03530005e+03
    2.59932739e+03 1.04391870e+03 2.70032520e+03 1.05259412e+03
    2.80113647e+03 1.06136658e+03 2.90163086e+03 1.06994714e+03
    2.08298047e+03 1.10262231e+03 2.18494434e+03 1.11130334e+03
    2.28662915e+03 1.11999329e+03 2.38838306e+03 1.12872180e+03
    2.48956421e+03 1.13745020e+03 2.59091626e+03 1.14605151e+03
    2.69171362e+03 1.15471326e+03 2.79257397e+03 1.16331140e+03
    2.89287036e+03 1.17173193e+03 2.07474121e+03 1.20452673e+03
