<?xml version="1.0"?>
<opencv_storage>
<calibration_Time>"Fri Oct 24 10:42:57 2014"</calibration_Time>
<!-- 4 angle position of both PTUs (PTUL_X, PTUL_Y, PTUR_X, PTUR_Y) -->
<PTU_angles type_id="opencv-matrix">
  <rows>11</rows>
  <cols>4</cols>
  <dt>f</dt>
  <data>
    -9.17719603e-02 -6.66412488e-02 1.02317885e-01 -9.55864415e-02
    1.14434473e-02 1.09946849e-02 2.05533296e-01 -1.79505050e-02
    -2.72174537e-01 -1.87807173e-01 -7.80846998e-02 -2.16752350e-01
    -7.26995468e-02 -1.36872604e-02 1.21390298e-01 -4.26324494e-02
    -9.17719603e-02 -1.84665829e-01 1.02317885e-01 -2.13611022e-01
    -1.90948501e-01 -6.23780079e-02 3.14133847e-03 -9.13231969e-02
    5.60953282e-03 -1.75690576e-01 1.99699372e-01 -2.04635769e-01
    -1.00522831e-01 -3.83692048e-02 9.35670137e-02 -6.73143938e-02
    -1.75690576e-01 -1.87582791e-01 1.83992684e-02 -2.16527969e-01
    -5.38515160e-03 -4.03886363e-02 1.88704684e-01 -6.93338290e-02
    -1.20492771e-01 -1.41809002e-01 7.35970736e-02 -1.70754179e-01</data></PTU_angles>
</opencv_storage>
