<?xml version="1.0"?>
<opencv_storage>
<calibration_Time>"Fri Oct 24 10:42:57 2014"</calibration_Time>
<numPoses>32</numPoses>
<H_robotBase2camR_0 type_id="opencv-matrix">
  <rows>4</rows>
  <cols>4</cols>
  <dt>f</dt>
  <data>
    8.09320509e-02 -7.56585240e-01 6.48867071e-01 -2.84833074e-01
    -9.94437575e-01 -1.72653049e-02 1.03903010e-01 -1.58877507e-01
    -6.74086437e-02 -6.53666973e-01 -7.53774226e-01 1.79333842e+00 0. 0.
    0. 1.</data></H_robotBase2camR_0>
<H_robotBase2camR_1 type_id="opencv-matrix">
  <rows>4</rows>
  <cols>4</cols>
  <dt>f</dt>
  <data>
    8.36265832e-02 -7.54902661e-01 6.50483429e-01 -2.86741853e-01
    -9.94262934e-01 -1.95243787e-02 1.05164796e-01 -1.61023080e-01
    -6.66888654e-02 -6.55546188e-01 -7.52204895e-01 1.78979445e+00 0. 0.
    0. 1.</data></H_robotBase2camR_1>
<H_robotBase2camR_2 type_id="opencv-matrix">
  <rows>4</rows>
  <cols>4</cols>
  <dt>f</dt>
  <data>
    7.79628009e-02 -7.57473052e-01 6.48194790e-01 -2.84672379e-01
    -9.94381428e-01 -1.23836845e-02 1.05129510e-01 -1.60350412e-01
    -7.16058612e-02 -6.52748883e-01 -7.54182577e-01 1.79495275e+00 0. 0.
    0. 1.</data></H_robotBase2camR_2>
<H_robotBase2camR_3 type_id="opencv-matrix">
  <rows>4</rows>
  <cols>4</cols>
  <dt>f</dt>
  <data>
    7.33416378e-02 -7.57568777e-01 6.48622155e-01 -2.87014365e-01
    -9.94451761e-01 -6.37354702e-03 1.05001509e-01 -1.58103615e-01
    -7.54120052e-02 -6.52724326e-01 -7.53832936e-01 1.79399526e+00 0. 0.
    0. 1.</data></H_robotBase2camR_3>
<H_robotBase2camR_4 type_id="opencv-matrix">
  <rows>4</rows>
  <cols>4</cols>
  <dt>f</dt>
  <data>
    7.45393261e-02 -7.54347503e-01 6.52229726e-01 -2.91952133e-01
    -9.94725823e-01 -1.00347381e-02 1.02075383e-01 -1.54034734e-01
    -7.04554096e-02 -6.56398416e-01 -7.51117170e-01 1.79037333e+00 0. 0.
    0. 1.</data></H_robotBase2camR_4>
<H_robotBase2camR_5 type_id="opencv-matrix">
  <rows>4</rows>
  <cols>4</cols>
  <dt>f</dt>
  <data>
    8.01617205e-02 -7.56068051e-01 6.49565399e-01 -2.83911407e-01
    -9.94192839e-01 -1.37080476e-02 1.06736153e-01 -1.61438465e-01
    -7.17955828e-02 -6.54349387e-01 -7.52776384e-01 1.79117191e+00 0. 0.
    0. 1.</data></H_robotBase2camR_5>
<H_robotBase2camR_6 type_id="opencv-matrix">
  <rows>4</rows>
  <cols>4</cols>
  <dt>f</dt>
  <data>
    8.30322206e-02 -7.54474163e-01 6.51056290e-01 -2.91072607e-01
    -9.94443834e-01 -2.03106962e-02 1.03289053e-01 -1.59790695e-01
    -6.47056177e-02 -6.56015038e-01 -7.51968801e-01 1.78793073e+00 0. 0.
    0. 1.</data></H_robotBase2camR_6>
<H_robotBase2camR_7 type_id="opencv-matrix">
  <rows>4</rows>
  <cols>4</cols>
  <dt>f</dt>
  <data>
    8.08794796e-02 -7.56948531e-01 6.48450196e-01 -2.86939502e-01
    -9.94340956e-01 -1.63152888e-02 1.04976714e-01 -1.61572009e-01
    -6.88823164e-02 -6.53271079e-01 -7.53984332e-01 1.79397130e+00 0. 0.
    0. 1.</data></H_robotBase2camR_7>
<H_robotBase2camR_8 type_id="opencv-matrix">
  <rows>4</rows>
  <cols>4</cols>
  <dt>f</dt>
  <data>
    8.09485614e-02 -7.55718827e-01 6.49874032e-01 -2.88881898e-01
    -9.94334936e-01 -1.61664374e-02 1.05055362e-01 -1.62463993e-01
    -6.88862503e-02 -6.54696465e-01 -7.52746224e-01 1.79080606e+00 0. 0.
    0. 1.</data></H_robotBase2camR_8>
<H_robotBase2camR_9 type_id="opencv-matrix">
  <rows>4</rows>
  <cols>4</cols>
  <dt>f</dt>
  <data>
    8.41778517e-02 -7.56532729e-01 6.48515403e-01 -2.85797119e-01
    -9.94176984e-01 -1.98230743e-02 1.05920210e-01 -1.65868342e-01
    -6.72765970e-02 -6.53655291e-01 -7.53796101e-01 1.79132748e+00 0. 0.
    0. 1.</data></H_robotBase2camR_9>
<H_robotBase2camR_10 type_id="opencv-matrix">
  <rows>4</rows>
  <cols>4</cols>
  <dt>f</dt>
  <data>
    8.39489102e-02 -7.53143728e-01 6.52477622e-01 -2.91310012e-01
    -9.94449973e-01 -2.16478407e-02 1.02960110e-01 -1.60199136e-01
    -6.34190440e-02 -6.57499552e-01 -7.50781119e-01 1.78401017e+00 0. 0.
    0. 1.</data></H_robotBase2camR_10>
<H_robotBase2camR_11 type_id="opencv-matrix">
  <rows>4</rows>
  <cols>4</cols>
  <dt>f</dt>
  <data>
    8.18827152e-02 -7.53304660e-01 6.52554393e-01 -2.89360523e-01
    -9.94301438e-01 -1.68997794e-02 1.05256289e-01 -1.62419707e-01
    -6.82619959e-02 -6.57454550e-01 -7.50395834e-01 1.78526032e+00 0. 0.
    0. 1.</data></H_robotBase2camR_11>
<H_robotBase2camR_12 type_id="opencv-matrix">
  <rows>4</rows>
  <cols>4</cols>
  <dt>f</dt>
  <data>
    8.02657008e-02 -7.54972935e-01 6.50825143e-01 -2.88055658e-01
    -9.94262576e-01 -1.43241175e-02 1.06005281e-01 -1.63603291e-01
    -7.07087219e-02 -6.55599594e-01 -7.51791000e-01 1.78886151e+00 0. 0.
    0. 1.</data></H_robotBase2camR_12>
<H_robotBase2camR_13 type_id="opencv-matrix">
  <rows>4</rows>
  <cols>4</cols>
  <dt>f</dt>
  <data>
    7.95980692e-02 -7.54009247e-01 6.52023077e-01 -2.91488409e-01
    -9.94179785e-01 -1.24112219e-02 1.07015640e-01 -1.64391056e-01
    -7.25983977e-02 -6.56746387e-01 -7.50608623e-01 1.78753948e+00 0. 0.
    0. 1.</data></H_robotBase2camR_13>
<H_robotBase2camR_14 type_id="opencv-matrix">
  <rows>4</rows>
  <cols>4</cols>
  <dt>f</dt>
  <data>
    7.67887831e-02 -7.54084349e-01 6.52273297e-01 -2.92153358e-01
    -9.94101286e-01 -7.65032694e-03 1.08186156e-01 -1.64212883e-01
    -7.65914917e-02 -6.56732976e-01 -7.50223517e-01 1.78626788e+00 0. 0.
    0. 1.</data></H_robotBase2camR_14>
<H_robotBase2camR_15 type_id="opencv-matrix">
  <rows>4</rows>
  <cols>4</cols>
  <dt>f</dt>
  <data>
    7.69739449e-02 -7.55505085e-01 6.50605142e-01 -2.87377834e-01
    -9.94359374e-01 -1.04114302e-02 1.05553858e-01 -1.60529852e-01
    -7.29728565e-02 -6.55060112e-01 -7.52044797e-01 1.78962636e+00 0. 0.
    0. 1.</data></H_robotBase2camR_15>
<H_robotBase2camR_16 type_id="opencv-matrix">
  <rows>4</rows>
  <cols>4</cols>
  <dt>f</dt>
  <data>
    7.99788833e-02 -7.54172027e-01 6.51788116e-01 -2.87053287e-01
    -9.94162083e-01 -1.28437877e-02 1.07129246e-01 -1.63639843e-01
    -7.24224299e-02 -6.56551242e-01 -7.50796616e-01 1.78650272e+00 0. 0.
    0. 1.</data></H_robotBase2camR_16>
<H_robotBase2camR_17 type_id="opencv-matrix">
  <rows>4</rows>
  <cols>4</cols>
  <dt>f</dt>
  <data>
    8.05835426e-02 -7.54044652e-01 6.51861191e-01 -2.86069155e-01
    -9.93949771e-01 -1.18229389e-02 1.09196782e-01 -1.66392624e-01
    -7.46322423e-02 -6.56716704e-01 -7.50435412e-01 1.79125857e+00 0. 0.
    0. 1.</data></H_robotBase2camR_17>
<H_robotBase2camR_18 type_id="opencv-matrix">
  <rows>4</rows>
  <cols>4</cols>
  <dt>f</dt>
  <data>
    7.84257650e-02 -7.53950536e-01 6.52233124e-01 -2.92587459e-01
    -9.93821204e-01 -7.58275203e-03 1.10733718e-01 -1.69469357e-01
    -7.85421729e-02 -6.56887531e-01 -7.49886692e-01 1.79472351e+00 0. 0.
    0. 1.</data></H_robotBase2camR_18>
<H_robotBase2camR_19 type_id="opencv-matrix">
  <rows>4</rows>
  <cols>4</cols>
  <dt>f</dt>
  <data>
    8.26733708e-02 -7.54552066e-01 6.51011825e-01 -2.90208220e-01
    -9.94053006e-01 -1.59762539e-02 1.07719749e-01 -1.65624067e-01
    -7.08795488e-02 -6.56045675e-01 -7.51385570e-01 1.79480803e+00 0. 0.
    0. 1.</data></H_robotBase2camR_19>
<H_robotBase2camR_20 type_id="opencv-matrix">
  <rows>4</rows>
  <cols>4</cols>
  <dt>f</dt>
  <data>
    8.68897736e-02 -7.55600870e-01 6.49243891e-01 -2.87621677e-01
    -9.93396401e-01 -1.67022049e-02 1.13510251e-01 -1.72772095e-01
    -7.49246776e-02 -6.54819369e-01 -7.52062321e-01 1.79755604e+00 0. 0.
    0. 1.</data></H_robotBase2camR_20>
<H_robotBase2camR_21 type_id="opencv-matrix">
  <rows>4</rows>
  <cols>4</cols>
  <dt>f</dt>
  <data>
    7.03986511e-02 -7.57860541e-01 6.48607254e-01 -2.83081651e-01
    -9.95541394e-01 -1.24540925e-02 9.35024023e-02 -1.43773243e-01
    -6.27840459e-02 -6.52297735e-01 -7.55358040e-01 1.79156828e+00 0. 0.
    0. 1.</data></H_robotBase2camR_21>
