<?xml version="1.0"?>
<opencv_storage>
<calibration_Time>"Fri Oct 24 10:42:57 2014"</calibration_Time>
<numPoses>32</numPoses>
<H_robotBase2camL_0 type_id="opencv-matrix">
  <rows>4</rows>
  <cols>4</cols>
  <dt>f</dt>
  <data>
    -2.73674764e-02 -7.57551074e-01 6.52201891e-01 -2.90832341e-01
    -9.97799933e-01 -1.87099464e-02 -6.36013523e-02 1.24011859e-01
    6.03838302e-02 -6.52507722e-01 -7.55372524e-01 1.79047692e+00 0. 0.
    0. 1.</data></H_robotBase2camL_0>
<H_robotBase2camL_1 type_id="opencv-matrix">
  <rows>4</rows>
  <cols>4</cols>
  <dt>f</dt>
  <data>
    -2.48601735e-02 -7.57062852e-01 6.52868927e-01 -2.90846348e-01
    -9.97890294e-01 -2.03866940e-02 -6.16381168e-02 1.20987669e-01
    5.99738061e-02 -6.53023958e-01 -7.54958987e-01 1.78862786e+00 0. 0.
    0. 1.</data></H_robotBase2camL_1>
<H_robotBase2camL_2 type_id="opencv-matrix">
  <rows>4</rows>
  <cols>4</cols>
  <dt>f</dt>
  <data>
    -2.89026499e-02 -7.59701490e-01 6.49629354e-01 -2.87557721e-01
    -9.98061180e-01 -1.39059797e-02 -6.06668293e-02 1.19600855e-01
    5.51222861e-02 -6.50123179e-01 -7.57826686e-01 1.79555380e+00 0. 0.
    0. 1.</data></H_robotBase2camL_2>
<H_robotBase2camL_3 type_id="opencv-matrix">
  <rows>4</rows>
  <cols>4</cols>
  <dt>f</dt>
  <data>
    -3.37185860e-02 -7.59410620e-01 6.49737418e-01 -2.89273441e-01
    -9.98082638e-01 -8.17690790e-03 -6.13531172e-02 1.22869134e-01
    5.19049466e-02 -6.50560498e-01 -7.57678747e-01 1.79495156e+00 0. 0.
    0. 1.</data></H_robotBase2camL_3>
<H_robotBase2camL_4 type_id="opencv-matrix">
  <rows>4</rows>
  <cols>4</cols>
  <dt>f</dt>
  <data>
    -3.44717130e-02 -7.51674950e-01 6.58632219e-01 -3.03148389e-01
    -9.97886539e-01 -1.04348026e-02 -6.41364828e-02 1.26846761e-01
    5.50823957e-02 -6.59451246e-01 -7.49726653e-01 1.78204250e+00 0. 0.
    0. 1.</data></H_robotBase2camL_4>
<H_robotBase2camL_5 type_id="opencv-matrix">
  <rows>4</rows>
  <cols>4</cols>
  <dt>f</dt>
  <data>
    -2.86119282e-02 -7.58229256e-01 6.51359916e-01 -2.87323415e-01
    -9.98072922e-01 -1.42235868e-02 -6.03987277e-02 1.21352017e-01
    5.50608039e-02 -6.51832879e-01 -7.56361127e-01 1.79109204e+00 0. 0.
    0. 1.</data></H_robotBase2camL_5>
<H_robotBase2camL_6 type_id="opencv-matrix">
  <rows>4</rows>
  <cols>4</cols>
  <dt>f</dt>
  <data>
    -2.18989551e-02 -7.57352054e-01 6.52639508e-01 -2.93529510e-01
    -9.97829497e-01 -2.39948854e-02 -6.13262951e-02 1.18646830e-01
    6.21055067e-02 -6.52565956e-01 -7.55182743e-01 1.78626847e+00 0. 0.
    0. 1.</data></H_robotBase2camL_6>
<H_robotBase2camL_7 type_id="opencv-matrix">
  <rows>4</rows>
  <cols>4</cols>
  <dt>f</dt>
  <data>
    -2.18828432e-02 -7.55930543e-01 6.54286027e-01 -2.97983587e-01
    -9.98040259e-01 -2.18565464e-02 -5.86317256e-02 1.13718092e-01
    5.86217940e-02 -6.54286683e-01 -7.53970981e-01 1.78713942e+00 0. 0.
    0. 1.</data></H_robotBase2camL_7>
<H_robotBase2camL_8 type_id="opencv-matrix">
  <rows>4</rows>
  <cols>4</cols>
  <dt>f</dt>
  <data>
    -2.67716944e-02 -7.59431064e-01 6.50036991e-01 -2.89935768e-01
    -9.97923970e-01 -1.78003162e-02 -6.18950129e-02 1.20088309e-01
    5.85757196e-02 -6.50344491e-01 -7.57377863e-01 1.79408920e+00 0. 0.
    0. 1.</data></H_robotBase2camL_8>
<H_robotBase2camL_9 type_id="opencv-matrix">
  <rows>4</rows>
  <cols>4</cols>
  <dt>f</dt>
  <data>
    -2.69253850e-02 -7.58101225e-01 6.51580870e-01 -2.92397738e-01
    -9.97915506e-01 -1.78564936e-02 -6.20126426e-02 1.19539157e-01
    5.86466789e-02 -6.51892483e-01 -7.56040215e-01 1.79070687e+00 0. 0.
    0. 1.</data></H_robotBase2camL_9>
<H_robotBase2camL_10 type_id="opencv-matrix">
  <rows>4</rows>
  <cols>4</cols>
  <dt>f</dt>
  <data>
    -2.21859142e-02 -7.58994818e-01 6.50718510e-01 -2.89997816e-01
    -9.98023450e-01 -2.14640535e-02 -5.90625331e-02 1.12140805e-01
    5.87951019e-02 -6.50742710e-01 -7.57018566e-01 1.79136717e+00 0. 0.
    0. 1.</data></H_robotBase2camL_10>
<H_robotBase2camL_11 type_id="opencv-matrix">
  <rows>4</rows>
  <cols>4</cols>
  <dt>f</dt>
  <data>
    -2.42154598e-02 -7.55596399e-01 6.54589713e-01 -2.94698596e-01
    -9.97752726e-01 -2.26539522e-02 -6.30594790e-02 1.20651156e-01
    6.24765605e-02 -6.54645503e-01 -7.53349900e-01 1.78281164e+00 0. 0.
    0. 1.</data></H_robotBase2camL_11>
<H_robotBase2camL_12 type_id="opencv-matrix">
  <rows>4</rows>
  <cols>4</cols>
  <dt>f</dt>
  <data>
    -2.64472961e-02 -7.55618930e-01 6.54477358e-01 -2.92933822e-01
    -9.97974813e-01 -1.79315507e-02 -6.10306561e-02 1.18981376e-01
    5.78516871e-02 -6.54766023e-01 -7.53614545e-01 1.78543270e+00 0. 0.
    0. 1.</data></H_robotBase2camL_12>
<H_robotBase2camL_13 type_id="opencv-matrix">
  <rows>4</rows>
  <cols>4</cols>
  <dt>f</dt>
  <data>
    -2.57269628e-02 -7.57128239e-01 6.52759492e-01 -2.91929126e-01
    -9.98183548e-01 -1.61312819e-02 -5.80513738e-02 1.12919465e-01
    5.44820167e-02 -6.53067291e-01 -7.55337775e-01 1.78948891e+00 0. 0.
    0. 1.</data></H_robotBase2camL_13>
<H_robotBase2camL_14 type_id="opencv-matrix">
  <rows>4</rows>
  <cols>4</cols>
  <dt>f</dt>
  <data>
    -2.81289518e-02 -7.56638169e-01 6.53228462e-01 -2.94160724e-01
    -9.98149157e-01 -1.39841400e-02 -5.91797829e-02 1.16087556e-01
    5.39123416e-02 -6.53684139e-01 -7.54844427e-01 1.78932428e+00 0. 0.
    0. 1.</data></H_robotBase2camL_14>
<H_robotBase2camL_15 type_id="opencv-matrix">
  <rows>4</rows>
  <cols>4</cols>
  <dt>f</dt>
  <data>
    -3.10681164e-02 -7.56381869e-01 6.53392196e-01 -2.94638753e-01
    -9.98250484e-01 -9.41944122e-03 -5.83697259e-02 1.16975665e-01
    5.03042936e-02 -6.54062510e-01 -7.54765868e-01 1.78837848e+00 0. 0.
    0. 1.</data></H_robotBase2camL_15>
<H_robotBase2camL_16 type_id="opencv-matrix">
  <rows>4</rows>
  <cols>4</cols>
  <dt>f</dt>
  <data>
    -2.97024623e-02 -7.58433878e-01 6.51072681e-01 -2.87711143e-01
    -9.98156488e-01 -1.19877197e-02 -5.95011339e-02 1.18012100e-01
    5.29323816e-02 -6.51639700e-01 -7.56679654e-01 1.79126859e+00 0. 0.
    0. 1.</data></H_robotBase2camL_16>
<H_robotBase2camL_17 type_id="opencv-matrix">
  <rows>4</rows>
  <cols>4</cols>
  <dt>f</dt>
  <data>
    -2.80809700e-02 -7.56526232e-01 6.53360128e-01 -2.89930820e-01
    -9.98159945e-01 -1.39199644e-02 -5.90181649e-02 1.17403924e-01
    5.37434369e-02 -6.53815091e-01 -7.54743457e-01 1.78745437e+00 0. 0.
    0. 1.</data></H_robotBase2camL_17>
<H_robotBase2camL_18 type_id="opencv-matrix">
  <rows>4</rows>
  <cols>4</cols>
  <dt>f</dt>
  <data>
    -2.72647142e-02 -7.56450593e-01 6.53482318e-01 -2.88744628e-01
    -9.98303115e-01 -1.30443871e-02 -5.67512512e-02 1.14269376e-01
    5.14537543e-02 -6.53920770e-01 -7.54811406e-01 1.79289603e+00 0. 0.
    0. 1.</data></H_robotBase2camL_18>
<H_robotBase2camL_19 type_id="opencv-matrix">
  <rows>4</rows>
  <cols>4</cols>
  <dt>f</dt>
  <data>
    -2.88403332e-02 -7.55174458e-01 6.54889286e-01 -2.95723975e-01
    -9.98467326e-01 -9.19505209e-03 -5.45741916e-02 1.10710949e-01
    4.72346544e-02 -6.55459821e-01 -7.53751695e-01 1.79290998e+00 0. 0.
    0. 1.</data></H_robotBase2camL_19>
<H_robotBase2camL_20 type_id="opencv-matrix">
  <rows>4</rows>
  <cols>4</cols>
  <dt>f</dt>
  <data>
    -2.50540972e-02 -7.57143497e-01 6.52768016e-01 -2.93717086e-01
    -9.98130441e-01 -1.74687114e-02 -5.85713387e-02 1.14976794e-01
    5.57498634e-02 -6.53015256e-01 -7.55290151e-01 1.79587662e+00 0. 0.
    0. 1.</data></H_robotBase2camL_20>
<H_robotBase2camL_21 type_id="opencv-matrix">
  <rows>4</rows>
  <cols>4</cols>
  <dt>f</dt>
  <data>
    -1.92610919e-02 -7.57683575e-01 6.52337909e-01 -2.93331504e-01
    -9.98522401e-01 -1.85824633e-02 -5.10658920e-02 1.05233893e-01
    5.08136749e-02 -6.52357638e-01 -7.56206155e-01 1.79939282e+00 0. 0.
    0. 1.</data></H_robotBase2camL_21>
