<?xml version="1.0"?>
<opencv_storage>
<calibration_Time>"Fri Oct 24 10:36:56 2014"</calibration_Time>
<image_Width>4928</image_Width>
<image_Height>3264</image_Height>
<K1 type_id="opencv-matrix">
  <rows>3</rows>
  <cols>3</cols>
  <dt>d</dt>
  <data>
    7.2774737988312936e+03 0. 2.4458312476303472e+03 0.
    7.2743663998270658e+03 1.6996071658453855e+03 0. 0. 1.</data></K1>
<D1 type_id="opencv-matrix">
  <rows>8</rows>
  <cols>1</cols>
  <dt>d</dt>
  <data>
    -2.3917519311425939e-02 -7.7904823907286227e-03 0. 0. 0. 0. 0.
    4.3094684580423114e-02</data></D1>
<K2 type_id="opencv-matrix">
  <rows>3</rows>
  <cols>3</cols>
  <dt>d</dt>
  <data>
    7.2086509130960339e+03 0. 2.4968067783383403e+03 0.
    7.2056102534127731e+03 1.7057768716307273e+03 0. 0. 1.</data></K2>
<D2 type_id="opencv-matrix">
  <rows>8</rows>
  <cols>1</cols>
  <dt>d</dt>
  <data>
    -1.7929756831951020e-02 -1.0193142963447036e-01 0. 0. 0. 0. 0.
    -4.9973635639773029e-01</data></D2>
<Avg_Reprojection_Error>5.2237940080510625e-01</Avg_Reprojection_Error>
<R type_id="opencv-matrix">
  <rows>3</rows>
  <cols>3</cols>
  <dt>d</dt>
  <data>
    9.8604262652250718e-01 1.2934678954113392e-03 1.6648803446914412e-01
    -1.9909345595025313e-03 9.9998992794646346e-01
    4.0224600938331976e-03 -1.6648115466975583e-01
    -4.2977838975735245e-03 9.8603527025831816e-01</data></R>
<T type_id="opencv-matrix">
  <rows>3</rows>
  <cols>1</cols>
  <dt>d</dt>
  <data>
    -2.8146585104261473e-01 -2.7281633732351854e-03
    2.7085594013736201e-02</data></T>
<E type_id="opencv-matrix">
  <rows>3</rows>
  <cols>3</cols>
  <dt>d</dt>
  <data>
    5.0811343369053198e-04 -2.7073596149567787e-02
    -2.7990160300748225e-03 -2.0151209619453259e-02
    -1.1746450560428646e-03 2.8204468381106829e-01
    3.2504654682878587e-03 -2.8145948731175763e-01
    -6.7797859587508081e-04</data></E>
<F type_id="opencv-matrix">
  <rows>3</rows>
  <cols>3</cols>
  <dt>d</dt>
  <data>
    -1.7271167143762904e-09 9.2064550020931487e-08
    -8.3010929265096343e-05 6.8524418352917607e-08
    3.9961002121693335e-09 -7.1541881905445069e-03
    -1.9222046626112332e-04 6.6627963982382864e-03 1.</data></F>
</opencv_storage>
