<?xml version="1.0"?>
<opencv_storage>
<camera_name>left_camera</camera_name>
<height>4928</height>
<width>3264</width>
<K type_id="opencv-matrix">
  <rows>3</rows>
  <cols>3</cols>
  <dt>d</dt>
  <data>
    5.7721638284562359e+03 0. 2.2531100906996862e+03 0.
    5.7734945194364782e+03 2.1092821964562108e+03 0. 0. 1.</data></K>
<D type_id="opencv-matrix">
  <rows>1</rows>
  <cols>5</cols>
  <dt>d</dt>
  <data>
    -2.2426232205351065e-01 2.8294469615304738e+00 0. 0. 0.</data></D>
<P type_id="opencv-matrix">
  <rows>3</rows>
  <cols>4</cols>
  <dt>d</dt>
  <data>
    5.7721638284562359e+03 0. 2.2531100906996862e+03 0. 0.
    5.7734945194364782e+03 2.1092821964562108e+03 0. 0. 0. 1. 0.</data></P>
<F type_id="opencv-matrix">
  <rows>3</rows>
  <cols>3</cols>
  <dt>d</dt>
  <data>
    -4.2279190167003470e-09 6.4950409673881562e-07
    -1.1879679861259258e-03 -3.9092194416838832e-07
    1.2906368519800699e-07 -1.0164716366719867e-02
    6.6364135661854163e-04 9.5538817125007305e-03 1.</data></F>
</opencv_storage>
