<?xml version="1.0"?>
<opencv_storage>
<camera_name>right_camera</camera_name>
<height>4928</height>
<width>3264</width>
<K type_id="opencv-matrix">
  <rows>3</rows>
  <cols>3</cols>
  <dt>d</dt>
  <data>
    6.3544035159405748e+03 0. 2.4496196147360306e+03 0.
    6.3423324181578000e+03 1.6992383910260626e+03 0. 0. 1.</data></K>
<D type_id="opencv-matrix">
  <rows>1</rows>
  <cols>5</cols>
  <dt>d</dt>
  <data>
    -1.0370370421671038e-01 5.5807056875976258e-01 0. 0. 0.</data></D>
<P type_id="opencv-matrix">
  <rows>3</rows>
  <cols>4</cols>
  <dt>d</dt>
  <data>
    5.9442007160407366e+03 -1.7639375664306732e+02
    3.3188014990860156e+03 -1.5698244739387155e+03
    -3.0415790324309580e+02 6.2039208939305163e+03
    2.1287191274800348e+03 1.9370989922653001e+02
    -1.4129679937568740e-01 -7.1817136355267777e-02
    9.8735885746364560e-01 1.0410496418739962e-01</data></P>
<F type_id="opencv-matrix">
  <rows>3</rows>
  <cols>3</cols>
  <dt>d</dt>
  <data>
    -4.2279190167003470e-09 6.4950409673881562e-07
    -1.1879679861259258e-03 -3.9092194416838832e-07
    1.2906368519800699e-07 -1.0164716366719867e-02
    6.6364135661854163e-04 9.5538817125007305e-03 1.</data></F>
</opencv_storage>
